<?xml version="1.0"?>
<opencv_storage>
<Type>Gabor</Type>
<NumStages>2</NumStages>
<PatchSize>11</PatchSize>
<BlockOverLapRatio>0.</BlockOverLapRatio>
<Stages>
  <_><NumFilters>6</NumFilters>
    <HistBlockSize>28</HistBlockSize>
    <Filter type_id="opencv-matrix">
      <rows>6</rows>
      <cols>121</cols>
      <dt>f</dt>
      <data>
        1.89184882e-002 6.14492446e-002 1.57359108e-001 3.24301779e-001
        5.42981744e-001 7.41071463e-001 8.23451817e-001 7.40221143e-001
        5.30549705e-001 2.93616593e-001 1.15249708e-001 3.43035499e-005
        2.30627228e-002 9.50172320e-002 2.47081235e-001 4.79809225e-001
        7.32832253e-001 8.99803281e-001 8.97140443e-001 7.29075909e-001
        4.82504636e-001 2.58517474e-001 -3.69960666e-002
        -6.12161942e-002 -6.53445572e-002 -7.80780520e-003
        1.42349988e-001 3.62965971e-001 5.68220139e-001 6.59884810e-001
        6.01200044e-001 4.39817846e-001 2.61139274e-001 -7.90317655e-002
        -1.63562372e-001 -2.72680402e-001 -3.59131992e-001
        -3.57206702e-001 -2.34112889e-001 -3.17573585e-002
        1.53727934e-001 2.43914947e-001 2.30092004e-001 1.59848630e-001
        -9.87201706e-002 -2.25663602e-001 -4.19728577e-001
        -6.36440277e-001 -7.84658790e-001 -7.80040383e-001
        -6.13906860e-001 -3.66794020e-001 -1.47121921e-001
        -1.67921260e-002 2.90072262e-002 -6.62846491e-002
        -1.84804693e-001 -3.93046439e-001 -6.63113058e-001
        -9.02908862e-001 -1. -9.02908862e-001 -6.63113058e-001
        -3.93046439e-001 -1.84804693e-001 -6.62846491e-002
        2.90072262e-002 -1.67921260e-002 -1.47121921e-001
        -3.66794020e-001 -6.13906860e-001 -7.80040383e-001
        -7.84658790e-001 -6.36440277e-001 -4.19728577e-001
        -2.25663602e-001 -9.87201706e-002 1.59848630e-001
        2.30092004e-001 2.43914947e-001 1.53727934e-001 -3.17573585e-002
        -2.34112889e-001 -3.57206702e-001 -3.59131992e-001
        -2.72680402e-001 -1.63562372e-001 -7.90317655e-002
        2.61139274e-001 4.39817846e-001 6.01200044e-001 6.59884810e-001
        5.68220139e-001 3.62965971e-001 1.42349988e-001 -7.80780520e-003
        -6.53445572e-002 -6.12161942e-002 -3.69960666e-002
        2.58517474e-001 4.82504636e-001 7.29075909e-001 8.97140443e-001
        8.99803281e-001 7.32832253e-001 4.79809225e-001 2.47081235e-001
        9.50172320e-002 2.30627228e-002 3.43035499e-005 1.15249708e-001
        2.93616593e-001 5.30549705e-001 7.40221143e-001 8.23451817e-001
        7.41071463e-001 5.42981744e-001 3.24301779e-001 1.57359108e-001
        6.14492446e-002 1.89184882e-002 -1.79498666e-003
        -5.92141692e-003 -1.40821496e-002 -2.37479676e-002
        -2.21915916e-002 1.66363157e-002 1.21040434e-001 2.91745067e-001
        4.71784085e-001 5.54170609e-001 4.46294725e-001 -4.68022749e-003
        -1.75512917e-002 -4.39251512e-002 -7.98303559e-002
        -9.98684540e-002 -5.46646379e-002 1.03801452e-001
        3.71440560e-001 6.56335235e-001 8.09754550e-001 7.24073589e-001
        -6.59363065e-003 -3.75816748e-002 -1.03066012e-001
        -1.96717530e-001 -2.72296190e-001 -2.47030273e-001
        -5.08897081e-002 3.00007910e-001 6.73904240e-001 8.89212906e-001
        8.38978350e-001 6.70886273e-003 -5.05347066e-002
        -1.78211272e-001 -3.64411622e-001 -5.31835794e-001
        -5.57195902e-001 -3.52489680e-001 4.62198816e-002
        4.71811593e-001 7.29025066e-001 7.26601779e-001 6.96043074e-002
        -9.95874684e-003 -2.08930567e-001 -5.03538787e-001
        -7.77012646e-001 -8.67424846e-001 -6.80851638e-001
        -2.78387874e-001 1.52192175e-001 4.25011128e-001 4.72688615e-001
        2.24382058e-001 1.45181924e-001 -1.08322561e-001
        -4.93081033e-001 -8.52380335e-001 -1. -8.52380335e-001
        -4.93081033e-001 -1.08322561e-001 1.45181924e-001
        2.24382058e-001 4.72688615e-001 4.25011128e-001 1.52192175e-001
        -2.78387874e-001 -6.80851638e-001 -8.67424846e-001
        -7.77012646e-001 -5.03538787e-001 -2.08930567e-001
        -9.95874684e-003 6.96043074e-002 7.26601779e-001 7.29025066e-001
        4.71811593e-001 4.62198816e-002 -3.52489680e-001
        -5.57195902e-001 -5.31835794e-001 -3.64411622e-001
        -1.78211272e-001 -5.05347066e-002 6.70886273e-003
        8.38978350e-001 8.89212906e-001 6.73904240e-001 3.00007910e-001
        -5.08897081e-002 -2.47030273e-001 -2.72296190e-001
        -1.96717530e-001 -1.03066012e-001 -3.75816748e-002
        -6.59363065e-003 7.24073589e-001 8.09754550e-001 6.56335235e-001
        3.71440560e-001 1.03801452e-001 -5.46646379e-002
        -9.98684540e-002 -7.98303559e-002 -4.39251512e-002
        -1.75512917e-002 -4.68022749e-003 4.46294725e-001
        5.54170609e-001 4.71784085e-001 2.91745067e-001 1.21040434e-001
        1.66363157e-002 -2.21915916e-002 -2.37479676e-002
        -1.40821496e-002 -5.92141692e-003 -1.79498666e-003
        1.03185447e-002 5.44325076e-003 -1.10265950e-003
        -7.64748501e-003 -1.24524320e-002 -1.42147914e-002
        -1.24524562e-002 -7.64746265e-003 -1.10248802e-003
        5.44365123e-003 1.03191780e-002 4.77127582e-002 2.51695216e-002
        -5.09856641e-003 -3.53616029e-002 -5.75794764e-002
        -6.57285303e-002 -5.75795621e-002 -3.53615209e-002
        -5.09793218e-003 2.51710042e-002 4.77151051e-002 1.56989232e-001
        8.28153491e-002 -1.67754423e-002 -1.16349488e-001
        -1.89452544e-001 -2.16265172e-001 -1.89452767e-001
        -1.16349287e-001 -1.67738777e-002 8.28190073e-002
        1.56995013e-001 3.67556781e-001 1.93894699e-001 -3.92752662e-002
        -2.72405744e-001 -4.43560064e-001 -5.06335616e-001
        -4.43560392e-001 -2.72405416e-001 -3.92728224e-002
        1.93900406e-001 3.67565811e-001 6.12347901e-001 3.23028088e-001
        -6.54309988e-002 -4.53823805e-001 -7.38964617e-001
        -8.43547642e-001 -7.38964915e-001 -4.53823537e-001
        -6.54289648e-002 3.23032826e-001 6.12355411e-001 7.25924253e-001
        3.82942736e-001 -7.75652453e-002 -5.37994087e-001
        -8.76020193e-001 -1. -8.76020193e-001 -5.37994087e-001
        -7.75652453e-002 3.82942736e-001 7.25924253e-001 6.12355411e-001
        3.23032826e-001 -6.54289648e-002 -4.53823537e-001
        -7.38964915e-001 -8.43547642e-001 -7.38964617e-001
        -4.53823805e-001 -6.54309988e-002 3.23028088e-001
        6.12347901e-001 3.67565811e-001 1.93900406e-001 -3.92728224e-002
        -2.72405416e-001 -4.43560392e-001 -5.06335616e-001
        -4.43560064e-001 -2.72405744e-001 -3.92752662e-002
        1.93894699e-001 3.67556781e-001 1.56995013e-001 8.28190073e-002
        -1.67738777e-002 -1.16349287e-001 -1.89452767e-001
        -2.16265172e-001 -1.89452544e-001 -1.16349488e-001
        -1.67754423e-002 8.28153491e-002 1.56989232e-001 4.77151051e-002
        2.51710042e-002 -5.09793218e-003 -3.53615209e-002
        -5.75795621e-002 -6.57285303e-002 -5.75794764e-002
        -3.53616029e-002 -5.09856641e-003 2.51695216e-002
        4.77127582e-002 1.03191780e-002 5.44365123e-003 -1.10248802e-003
        -7.64746265e-003 -1.24524562e-002 -1.42147914e-002
        -1.24524320e-002 -7.64748501e-003 -1.10265950e-003
        5.44325076e-003 1.03185447e-002 6.39663696e-001 4.15507913e-001
        1.96472362e-001 5.95712177e-002 3.92562663e-003 -7.38672353e-003
        -5.01869433e-003 -1.95444841e-003 -5.40392648e-004
        -1.11647510e-004 -1.73165099e-005 7.95993805e-001
        5.70603907e-001 2.76843846e-001 5.68700135e-002 -3.97494510e-002
        -4.99136038e-002 -3.01514007e-002 -1.25433644e-002
        -3.86868953e-003 -8.97656661e-004 -1.53255853e-004
        6.84821486e-001 5.19206941e-001 2.11988330e-001 -6.81695491e-002
        -2.01428100e-001 -1.92431554e-001 -1.21035837e-001
        -5.57840616e-002 -1.93344764e-002 -4.98229219e-003
        -8.93793767e-004 3.97249967e-001 2.82314718e-001
        -4.22345102e-003 -3.24931353e-001 -5.06656051e-001
        -4.85137075e-001 -3.34715635e-001 -1.73154578e-001
