<?xml version="1.0"?>
<opencv_storage>
<NumStages>2</NumStages>
<PatchSize>11</PatchSize>
<BlockOverLapRatio>0.</BlockOverLapRatio>
<Stages>
  <_><NumFilters>8</NumFilters>
    <HistBlockSize>28</HistBlockSize>
    <Filter type_id="opencv-matrix">
      <rows>8</rows>
      <cols>121</cols>
      <dt>f</dt>
      <data>
        -1.07248053e-001 -1.01725325e-001 -8.83099064e-002
        -6.62932917e-002 -3.67793962e-002 -2.55277706e-003
        3.26283574e-002 6.45944849e-002 8.96376073e-002 1.05318174e-001
        1.11363210e-001 -1.14168964e-001 -1.08940072e-001
        -9.49247107e-002 -7.13826492e-002 -3.95928659e-002
        -2.65594968e-003 3.52819227e-002 6.96418658e-002 9.63488296e-002
        1.12719268e-001 1.18466765e-001 -1.19875669e-001
        -1.14875883e-001 -1.00360096e-001 -7.55591691e-002
        -4.18964066e-002 -2.73608486e-003 3.74528915e-002
        7.37540498e-002 1.01795554e-001 1.18706614e-001 1.24204829e-001
        -1.24076121e-001 -1.19225666e-001 -1.04328074e-001
        -7.85922036e-002 -4.35498767e-002 -2.76321732e-003
        3.90577167e-002 7.67486915e-002 1.05727233e-001 1.23000443e-001
        1.28303409e-001 -1.26662135e-001 -1.21882297e-001
        -1.06728047e-001 -8.03997368e-002 -4.45024036e-002
        -2.72561121e-003 4.00688984e-002 7.85672814e-002 1.08068660e-001
        1.25519693e-001 1.30678967e-001 -1.27585560e-001
        -1.22801192e-001 -1.07521318e-001 -8.09541121e-002
        -4.47412543e-002 -2.62737530e-003 4.04689088e-002
        7.91873634e-002 1.08800210e-001 1.26250967e-001 1.31322503e-001
        -1.26839563e-001 -1.21984430e-001 -1.06719017e-001
        -8.02747309e-002 -4.42941636e-002 -2.50067515e-003
        4.02274393e-002 7.85869732e-002 1.07913904e-001 1.25202000e-001
        1.30252779e-001 -1.24426425e-001 -1.19442083e-001
        -1.04337312e-001 -7.83795789e-002 -4.31750566e-002
        -2.35094759e-003 3.93507630e-002 7.67843872e-002 1.05435751e-001
        1.22403033e-001 1.27504423e-001 -1.20384321e-001
        -1.15210555e-001 -1.00409366e-001 -7.52930790e-002
        -4.13925014e-002 -2.16546911e-003 3.78733389e-002
        7.38296360e-002 1.01423167e-001 1.17912009e-001 1.23133563e-001
        -1.14811204e-001 -1.09382100e-001 -9.50183049e-002
        -7.10778683e-002 -3.89758497e-002 -1.93238945e-003
        3.58475335e-002 6.98090345e-002 9.59830433e-002 1.11843981e-001
        1.17256694e-001 -1.07973106e-001 -1.02232583e-001
        -8.84183645e-002 -6.59322292e-002 -3.60367969e-002
        -1.65817514e-003 3.33760940e-002 6.49193600e-002 8.93768966e-002
        1.04486302e-001 1.10152684e-001 1.11573458e-001 1.20831124e-001
        1.28604889e-001 1.34426638e-001 1.38096943e-001 1.39557824e-001
        1.38759047e-001 1.35634825e-001 1.30130544e-001 1.22276500e-001
        1.12492673e-001 9.94138196e-002 1.08440146e-001 1.15998417e-001
        1.21657126e-001 1.25254944e-001 1.26754925e-001 1.26111969e-001
        1.23251379e-001 1.18100420e-001 1.10657364e-001 1.01301350e-001
        8.10724497e-002 8.89422074e-002 9.55345407e-002 1.00482121e-001
        1.03659667e-001 1.05046444e-001 1.04603089e-001 1.02254190e-001
        9.79259163e-002 9.16030556e-002 8.36041719e-002 5.72320446e-002
        6.30742386e-002 6.79830983e-002 7.16856644e-002 7.40923882e-002
        7.51935244e-002 7.49578476e-002 7.33198449e-002 7.02219531e-002
        6.56559616e-002 5.98556958e-002 2.93682981e-002 3.25368270e-002
        3.52210365e-002 3.72678265e-002 3.86260301e-002 3.92946787e-002
        3.92513461e-002 3.84504832e-002 3.68645824e-002 3.45021151e-002
        3.14964093e-002 -5.42414258e-004 -3.91433947e-004
        -2.26073273e-004 -6.49938956e-005 8.16414322e-005
        2.20976071e-004 3.39061313e-004 4.16947179e-004 4.65591904e-004
        5.14022307e-004 5.91382501e-004 -3.03225201e-002
        -3.32047194e-002 -3.55793312e-002 -3.73312272e-002
        -3.84292640e-002 -3.88582982e-002 -3.86231020e-002
        -3.77130397e-002 -3.60767208e-002 -3.36581245e-002
        -3.05321496e-002 -5.78536838e-002 -6.34572729e-002
        -6.81186095e-002 -7.16041550e-002 -7.38432556e-002
        -7.48108551e-002 -7.45005757e-002 -7.28721321e-002
        -6.98397383e-002 -6.53223991e-002 -5.94911687e-002
        -8.12340975e-002 -8.89433920e-002 -9.53835994e-002
        -1.00229554e-001 -1.03372611e-001 -1.04774751e-001
        -1.04417101e-001 -1.02235071e-001 -9.81220901e-002
        -9.19857696e-002 -8.40776935e-002 -9.90741849e-002
        -1.08041435e-001 -1.15563750e-001 -1.21250339e-001
        -1.24953493e-001 -1.26622126e-001 -1.26228869e-001
        -1.23693518e-001 -1.18905924e-001 -1.11788429e-001
        -1.02651648e-001 -1.10846385e-001 -1.20145254e-001
        -1.27988681e-001 -1.33947417e-001 -1.37833491e-001
        -1.39580056e-001 -1.39154345e-001 -1.36473894e-001
        -1.31445900e-001 -1.24027848e-001 -1.14575319e-001
        1.19964026e-001 8.87419954e-002 3.93588543e-002 -1.76102314e-002
        -6.51411936e-002 -8.70447978e-002 -7.51364753e-002
        -3.27830873e-002 2.58134287e-002 8.17123726e-002 1.19836695e-001
        1.22312814e-001 8.75749290e-002 3.22534814e-002 -3.15285362e-002
        -8.45264643e-002 -1.08624913e-001 -9.47790518e-002
        -4.69390638e-002 1.88028719e-002 8.10691193e-002 1.22899868e-001
        1.23148687e-001 8.51875395e-002 2.47639921e-002 -4.47164588e-002
        -1.02192856e-001 -1.27991319e-001 -1.12397127e-001
        -5.98875172e-002 1.18627623e-002 7.94867203e-002 1.24524876e-001
        1.22882351e-001 8.22859257e-002 1.79578848e-002 -5.57374395e-002
        -1.16420783e-001 -1.43311068e-001 -1.26252174e-001
        -7.01647028e-002 6.08451478e-003 7.76881874e-002 1.25136673e-001
        1.22139253e-001 7.97395408e-002 1.29256733e-002 -6.33205026e-002
        -1.25819579e-001 -1.53157428e-001 -1.34973064e-001
        -7.65305385e-002 2.53381138e-003 7.65430629e-002 1.25390932e-001
        1.21410288e-001 7.82076493e-002 1.04651377e-002 -6.65691867e-002
        -1.29441097e-001 -1.56584576e-001 -1.37665883e-001
        -7.81787485e-002 1.91039732e-003 7.66357929e-002 1.25748068e-001
        1.20935462e-001 7.80000538e-002 1.09357173e-002 -6.51024729e-002
        -1.26913562e-001 -1.53256729e-001 -1.34048209e-001
        -7.48852491e-002 4.39016242e-003 7.81078339e-002 1.26327902e-001
        1.20633490e-001 7.89977089e-002 1.41689125e-002 -5.91479912e-002
        -1.18527867e-001 -1.43518433e-001 -1.24497883e-001
        -6.70270771e-002 9.63079836e-003 8.06768984e-002 1.26922339e-001
        1.20087244e-001 8.06455314e-002 1.94784049e-002 -4.95146215e-002
        -1.05195336e-001 -1.28345415e-001 -1.09999694e-001
        -5.55401370e-002 1.67964678e-002 8.36463496e-002 1.27000332e-001
        1.18717246e-001 8.21559653e-002 2.58784909e-002 -3.73729579e-002
        -8.82393941e-002 -1.09149732e-001 -9.19659510e-002
        -4.17459644e-002 2.47272775e-002 8.60724971e-002 1.25871375e-001
        1.16148576e-001 8.28653201e-002 3.23478691e-002 -2.41116062e-002
        -6.93355873e-002 -8.77289847e-002 -7.21125230e-002
        -2.70980187e-002 3.23316082e-002 8.72211084e-002 1.23088643e-001
        -1.30332068e-001 -1.39421523e-001 -1.30601421e-001
        -1.01673394e-001 -5.51890843e-002 2.31791032e-003
        6.18258826e-002 1.13516562e-001 1.48814827e-001 1.62478954e-001
        1.54908776e-001 -1.29742846e-001 -1.40069023e-001
        -1.32147893e-001 -1.03919275e-001 -5.81204370e-002
        -1.37022196e-003 5.73259220e-002 1.08238041e-001 1.42839953e-001
        1.55828044e-001 1.47524625e-001 -1.15839325e-001
        -1.26040459e-001 -1.19826652e-001 -9.54232067e-002
        -5.53615689e-002 -5.57030085e-003 4.59768884e-002
        9.07193795e-002 1.21140376e-001 1.32522896e-001 1.25115618e-001
        -8.83213803e-002 -9.68875736e-002 -9.30076241e-002
        -7.53549710e-002 -4.58714142e-002 -9.03138518e-003
        2.92150602e-002 6.25256822e-002 8.53283927e-002 9.41105559e-002
