<?xml version="1.0"?>
<opencv_storage>
<Type>"2D_SS_nuclear"</Type>
<NumStages>2</NumStages>
<PatchSize>11</PatchSize>
<BlockOverLapRatio>0.</BlockOverLapRatio>
<Stages>
  <_><NumFilters>6</NumFilters>
    <HistBlockSize>25</HistBlockSize>
    <Filter type_id="opencv-matrix">
      <rows>6</rows>
      <cols>121</cols>
      <dt>f</dt>
      <data>
        6.83939382e-002 9.86522138e-002 1.12941124e-001 1.01318873e-001
        6.02663755e-002 2.57120177e-004 -5.98878898e-002
        -1.01325259e-001 -1.13119394e-001 -9.76191089e-002
        -6.74886778e-002 8.87373164e-002 1.27995744e-001 1.46534801e-001
        1.31455585e-001 7.81922489e-002 3.33599048e-004 -7.77011886e-002
        -1.31463856e-001 -1.46766081e-001 -1.26655340e-001
        -8.75627920e-002 9.38281938e-002 1.35338888e-001 1.54941529e-001
        1.38997212e-001 8.26781541e-002 3.52737698e-004 -8.21589231e-002
        -1.39005974e-001 -1.55186102e-001 -1.33921579e-001
        -9.25862864e-002 7.90514424e-002 1.14024729e-001 1.30540192e-001
        1.17106915e-001 6.96573928e-002 2.97185965e-004 -6.92199394e-002
        -1.17114298e-001 -1.30746245e-001 -1.12830631e-001
        -7.80051202e-002 4.60713990e-002 6.64539263e-002 7.60791898e-002
        6.82502314e-002 4.05965224e-002 1.73200824e-004 -4.03415672e-002
        -6.82545304e-002 -7.61992782e-002 -6.57580048e-002
        -4.54615988e-002 8.05410498e-004 1.16173353e-003 1.33000046e-003
        1.19313621e-003 7.09699874e-004 3.02786043e-006 -7.05242797e-004
        -1.19321141e-003 -1.33209978e-003 -1.14956766e-003
        -7.94750114e-004 -4.30646241e-002 -6.21169209e-002
        -7.11140111e-002 -6.37959987e-002 -3.79470587e-002
        -1.61897158e-004 3.77087481e-002 6.38000146e-002 7.12262616e-002
        6.14664182e-002 4.24946211e-002 -7.51278922e-002
        -1.08365349e-001 -1.24061115e-001 -1.11294560e-001
        -6.62000924e-002 -2.82435794e-004 6.57843500e-002
        1.11301571e-001 1.24256939e-001 1.07230522e-001 7.41335005e-002
        -8.99897739e-002 -1.29802302e-001 -1.48603037e-001
        -1.33310974e-001 -7.92958736e-002 -3.38307553e-004
        7.87978843e-002 1.33319378e-001 1.48837596e-001 1.28442988e-001
        8.87986720e-002 -8.58534649e-002 -1.23836048e-001
        -1.41772598e-001 -1.27183437e-001 -7.56511018e-002
        -3.22757522e-004 7.51760006e-002 1.27191469e-001 1.41996384e-001
        1.22539207e-001 8.47171098e-002 -6.70170784e-002
        -9.66662169e-002 -1.10667460e-001 -9.92791876e-002
        -5.90531267e-002 -2.51944002e-004 5.86822629e-002
        9.92854387e-002 1.10842146e-001 9.56539065e-002 6.61300421e-002
        -5.46802431e-002 -7.42015392e-002 -8.82999301e-002
        -9.63513255e-002 -9.99641344e-002 -1.00926198e-001
        -9.99116823e-002 -9.62258428e-002 -8.81418213e-002
        -7.38105699e-002 -5.40341511e-002 -4.47027944e-002
        -6.06620610e-002 -7.21879378e-002 -7.87701905e-002
        -8.17237794e-002 -8.25102925e-002 -8.16808939e-002
        -7.86676109e-002 -7.20586777e-002 -6.03424273e-002
        -4.41745929e-002 -8.29034299e-003 -1.12500628e-002
        -1.33875906e-002 -1.46083012e-002 -1.51560577e-002
        -1.53019195e-002 -1.51481042e-002 -1.45892762e-002
        -1.33636175e-002 -1.11907851e-002 -8.19238555e-003
        4.27225605e-002 5.79748712e-002 6.89901784e-002 7.52808601e-002
        7.81036019e-002 7.88552836e-002 7.80626163e-002 7.51828179e-002
        6.88666403e-002 5.76693974e-002 4.22177613e-002 8.40817317e-002
        1.14099599e-001 1.35778680e-001 1.48159295e-001 1.53714716e-001
        1.55194074e-001 1.53634056e-001 1.47966340e-001 1.35535553e-001
        1.13498405e-001 8.30882341e-002 9.89910439e-002 1.34331658e-001
        1.59854859e-001 1.74430802e-001 1.80971295e-001 1.82712972e-001
        1.80876330e-001 1.74203634e-001 1.59568608e-001 1.33623853e-001
        9.78213772e-002 8.28806609e-002 1.12469733e-001 1.33839145e-001
        1.46042913e-001 1.51518956e-001 1.52977183e-001 1.51439458e-001
        1.45852700e-001 1.33599490e-001 1.11877128e-001 8.19013566e-002
        4.13955599e-002 5.61741143e-002 6.68472722e-002 7.29425550e-002
        7.56776258e-002 7.64059573e-002 7.56379217e-002 7.28475600e-002
        6.67275712e-002 5.58781289e-002 4.09064367e-002 -8.15893430e-003
        -1.10717397e-002 -1.31753860e-002 -1.43767474e-002
        -1.49158211e-002 -1.50593724e-002 -1.49079943e-002
        -1.43580241e-002 -1.31517937e-002 -1.10134026e-002
        -8.06252845e-003 -4.24171686e-002 -5.75604439e-002
        -6.84970170e-002 -7.47427270e-002 -7.75452927e-002
        -7.82915950e-002 -7.75045976e-002 -7.46453851e-002
        -6.83743581e-002 -5.72571568e-002 -4.19159755e-002
        -5.14990725e-002 -6.98846653e-002 -8.31628442e-002
        -9.07458290e-002 -9.41484496e-002 -9.50545445e-002
        -9.40990523e-002 -9.06276479e-002 -8.30139294e-002
        -6.95164353e-002 -5.08905686e-002 5.46828024e-002
        7.42067248e-002 8.83060098e-002 9.63571668e-002 9.99683142e-002
        1.00930490e-001 9.99157950e-002 9.62311700e-002 8.81475210e-002
        7.38153756e-002 5.40366843e-002 4.46965508e-002 6.06549829e-002
        7.21794441e-002 7.87602812e-002 8.17119554e-002 8.24984163e-002
        8.16690251e-002 7.86572918e-002 7.20498860e-002 6.03351071e-002
        4.41684239e-002 8.27882160e-003 1.12346876e-002 1.33692808e-002
        1.45882023e-002 1.51349194e-002 1.52805895e-002 1.51269687e-002
        1.45691261e-002 1.33452844e-002 1.11754397e-002 8.18100106e-003
        -4.27303128e-002 -5.79867214e-002 -6.90042078e-002
        -7.52955526e-002 -7.81173781e-002 -7.88692459e-002
        -7.80763403e-002 -7.51970932e-002 -6.88803568e-002
        -5.76809198e-002 -4.22254205e-002 -8.40809271e-002
        -1.14101127e-001 -1.35780364e-001 -1.48159921e-001
        -1.53712451e-001 -1.55191913e-001 -1.53631717e-001
        -1.47966191e-001 -1.35536671e-001 -1.13499403e-001
        -8.30874443e-002 -9.89863649e-002 -1.34328410e-001
        -1.59850821e-001 -1.74424961e-001 -1.80961832e-001
        -1.82703555e-001 -1.80866763e-001 -1.74196884e-001
        -1.59563914e-001 -1.33619994e-001 -9.78167653e-002
        -8.28804374e-002 -1.12472028e-001 -1.33841738e-001
        -1.46044537e-001 -1.51517794e-001 -1.52976125e-001
        -1.51438206e-001 -1.45853564e-001 -1.33601516e-001
        -1.11878887e-001 -8.19011480e-002 -4.14034799e-002
        -5.61861545e-002 -6.68615401e-002 -7.29575232e-002
        -7.56917298e-002 -7.64202476e-002 -7.56519735e-002
        -7.28621259e-002 -6.67415336e-002 -5.58898486e-002
        -4.09142673e-002 8.14789720e-003 1.10570174e-002 1.31578539e-002
        1.43574988e-002 1.48955705e-002 1.50389373e-002 1.48877455e-002
        1.43387252e-002 1.31342374e-002 1.09987073e-002 8.05162266e-003
        4.24118340e-002 5.75545318e-002 6.84899092e-002 7.47343600e-002
        7.75351524e-002 7.82814175e-002 7.74944201e-002 7.46366382e-002
        6.83669746e-002 5.72510064e-002 4.19107042e-002 5.15024513e-002
        6.98908642e-002 8.31701383e-002 9.07530412e-002 9.41541567e-002
        9.50603709e-002 9.41046998e-002 9.06343684e-002 8.30208585e-002
        6.95222765e-002 5.08939102e-002 -7.03345463e-002
        -5.08632623e-002 -4.19761892e-003 5.22255935e-002
        9.42480788e-002 1.09069355e-001 9.43294764e-002 5.19869998e-002
        -4.94589144e-003 -5.16259819e-002 -7.03631639e-002
        -8.55587423e-002 -6.18728288e-002 -5.10621071e-003
        6.35300428e-002 1.14648461e-001 1.32677868e-001 1.14747472e-001
        6.32397979e-002 -6.01645000e-003 -6.28006384e-002
        -8.55935588e-002 -9.60542187e-002 -6.94627538e-002
        -5.73258847e-003 7.13232532e-002 1.28712356e-001 1.48953423e-001
        1.28823519e-001 7.09974095e-002 -6.75448636e-003
        -7.05043823e-002 -9.60932970e-002 -1.02225348e-001
        -7.39254802e-002 -6.10088650e-003 7.59055167e-002
        1.36981666e-001 1.58523142e-001 1.37099981e-001 7.55587369e-002
