<?xml version="1.0"?>
<opencv_storage>
<NumStages>2</NumStages>
<PatchSize>11</PatchSize>
<BlockOverLapRatio>0.</BlockOverLapRatio>
<Stages>
  <_><NumFilters>4</NumFilters>
    <HistBlockSize>28</HistBlockSize>
    <Filter type_id="opencv-matrix">
      <rows>4</rows>
      <cols>121</cols>
      <dt>f</dt>
      <data>
        -1.07248135e-001 -1.01725288e-001 -8.83098617e-002
        -6.62933588e-002 -3.67793925e-002 -2.55279476e-003
        3.26283202e-002 6.45944625e-002 8.96375701e-002 1.05318144e-001
        1.11363143e-001 -1.14168860e-001 -1.08940087e-001
        -9.49247107e-002 -7.13827014e-002 -3.95929478e-002
        -2.65598600e-003 3.52819487e-002 6.96418807e-002 9.63488147e-002
        1.12719238e-001 1.18466720e-001 -1.19875737e-001
        -1.14875883e-001 -1.00360125e-001 -7.55591094e-002
        -4.18964401e-002 -2.73611164e-003 3.74528319e-002
        7.37540573e-002 1.01795487e-001 1.18706591e-001 1.24204874e-001
        -1.24076091e-001 -1.19225673e-001 -1.04328059e-001
        -7.85922185e-002 -4.35498804e-002 -2.76322919e-003
        3.90577354e-002 7.67486393e-002 1.05727181e-001 1.23000450e-001
        1.28303647e-001 -1.26662001e-001 -1.21882312e-001
        -1.06728137e-001 -8.03998187e-002 -4.45024110e-002
        -2.72561866e-003 4.00688946e-002 7.85672739e-002 1.08068630e-001
        1.25519589e-001 1.30678758e-001 -1.27585500e-001
        -1.22801095e-001 -1.07521318e-001 -8.09541717e-002
        -4.47412841e-002 -2.62737554e-003 4.04689163e-002
        7.91872889e-002 1.08800180e-001 1.26251176e-001 1.31322503e-001
        -1.26839623e-001 -1.21984445e-001 -1.06718980e-001
        -8.02746415e-002 -4.42941263e-002 -2.50067259e-003
        4.02274132e-002 7.85869211e-002 1.07913934e-001 1.25201896e-001
        1.30252898e-001 -1.24426328e-001 -1.19442128e-001
        -1.04337253e-001 -7.83795491e-002 -4.31750156e-002
        -2.35093920e-003 3.93507853e-002 7.67844021e-002 1.05435736e-001
        1.22403078e-001 1.27504438e-001 -1.20384224e-001
        -1.15210518e-001 -1.00409448e-001 -7.52930418e-002
        -4.13925275e-002 -2.16545118e-003 3.78733091e-002
        7.38296211e-002 1.01423226e-001 1.17912076e-001 1.23133495e-001
        -1.14811160e-001 -1.09382190e-001 -9.50182304e-002
        -7.10778683e-002 -3.89758050e-002 -1.93238421e-003
        3.58475074e-002 6.98091388e-002 9.59831551e-002 1.11844055e-001
        1.17256790e-001 -1.07973069e-001 -1.02232635e-001
        -8.84182677e-002 -6.59322217e-002 -3.60367820e-002
        -1.65814627e-003 3.33761275e-002 6.49193451e-002 8.93769562e-002
        1.04486361e-001 1.10152744e-001 1.11573450e-001 1.20831057e-001
        1.28604934e-001 1.34426549e-001 1.38096824e-001 1.39557868e-001
        1.38759017e-001 1.35634869e-001 1.30130649e-001 1.22276574e-001
        1.12492725e-001 9.94139239e-002 1.08440213e-001 1.15998507e-001
        1.21657155e-001 1.25254869e-001 1.26754925e-001 1.26111820e-001
        1.23251334e-001 1.18100502e-001 1.10657409e-001 1.01301350e-001
        8.10724422e-002 8.89422819e-002 9.55345109e-002 1.00482047e-001
        1.03659667e-001 1.05046406e-001 1.04603112e-001 1.02254249e-001
        9.79260057e-002 9.16032195e-002 8.36041793e-002 5.72320707e-002
        6.30742237e-002 6.79831207e-002 7.16857016e-002 7.40923733e-002
        7.51934573e-002 7.49578550e-002 7.33199269e-002 7.02220127e-002
        6.56560138e-002 5.98556735e-002 2.93682888e-002 3.25368233e-002
        3.52210999e-002 3.72678451e-002 3.86260189e-002 3.92946973e-002
        3.92513424e-002 3.84505354e-002 3.68646383e-002 3.45021822e-002
        3.14965211e-002 -5.42450929e-004 -3.91463225e-004
        -2.26090240e-004 -6.50182992e-005 8.16306565e-005
        2.20973350e-004 3.39062826e-004 4.16966912e-004 4.65617020e-004
        5.14094660e-004 5.91400196e-004 -3.03225517e-002
        -3.32047716e-002 -3.55793647e-002 -3.73312719e-002
        -3.84292528e-002 -3.88582908e-002 -3.86231244e-002
        -3.77130024e-002 -3.60766761e-002 -3.36581282e-002
        -3.05321161e-002 -5.78537397e-002 -6.34573624e-002
        -6.81185648e-002 -7.16040805e-002 -7.38432929e-002
        -7.48108625e-002 -7.45005757e-002 -7.28721470e-002
        -6.98397160e-002 -6.53224513e-002 -5.94911426e-002
        -8.12341720e-002 -8.89433622e-002 -9.53836292e-002
        -1.00229479e-001 -1.03372596e-001 -1.04774751e-001
        -1.04417063e-001 -1.02235034e-001 -9.81220901e-002
        -9.19857770e-002 -8.40776637e-002 -9.90741923e-002
        -1.08041450e-001 -1.15563884e-001 -1.21250279e-001
        -1.24953449e-001 -1.26622096e-001 -1.26228914e-001
        -1.23693451e-001 -1.18905954e-001 -1.11788370e-001
        -1.02651708e-001 -1.10846370e-001 -1.20145410e-001
        -1.27988711e-001 -1.33947417e-001 -1.37833476e-001
        -1.39579877e-001 -1.39154404e-001 -1.36474088e-001
        -1.31446257e-001 -1.24027885e-001 -1.14575341e-001
        1.19964004e-001 8.87419656e-002 3.93588655e-002 -1.76102780e-002
        -6.51412308e-002 -8.70449021e-002 -7.51364976e-002
        -3.27830799e-002 2.58134492e-002 8.17124397e-002 1.19836710e-001
        1.22312628e-001 8.75748992e-002 3.22534777e-002 -3.15285139e-002
        -8.45264569e-002 -1.08624950e-001 -9.47790071e-002
        -4.69390787e-002 1.88028999e-002 8.10690671e-002 1.22899905e-001
        1.23148724e-001 8.51875171e-002 2.47640032e-002 -4.47163843e-002
        -1.02192961e-001 -1.27991140e-001 -1.12397008e-001
        -5.98876327e-002 1.18627772e-002 7.94867948e-002 1.24524988e-001
        1.22882396e-001 8.22860152e-002 1.79579239e-002 -5.57374917e-002
        -1.16420880e-001 -1.43311143e-001 -1.26252219e-001
        -7.01647550e-002 6.08453574e-003 7.76882246e-002 1.25136927e-001
        1.22139312e-001 7.97396079e-002 1.29256574e-002 -6.33206069e-002
        -1.25819385e-001 -1.53157696e-001 -1.34973139e-001
        -7.65305385e-002 2.53382907e-003 7.65430778e-002 1.25390932e-001
        1.21410303e-001 7.82076344e-002 1.04651265e-002 -6.65691644e-002
        -1.29441217e-001 -1.56584471e-001 -1.37665659e-001
        -7.81787634e-002 1.91039941e-003 7.66357332e-002 1.25748232e-001
        1.20935485e-001 7.79999718e-002 1.09356977e-002 -6.51024804e-002
        -1.26913607e-001 -1.53256640e-001 -1.34048164e-001
        -7.48853087e-002 4.39019175e-003 7.81078041e-002 1.26327902e-001
        1.20633468e-001 7.89977163e-002 1.41689507e-002 -5.91480248e-002
        -1.18527859e-001 -1.43518433e-001 -1.24497905e-001
        -6.70271143e-002 9.63079091e-003 8.06768239e-002 1.26922250e-001
        1.20087318e-001 8.06455538e-002 1.94783919e-002 -4.95146960e-002
        -1.05195172e-001 -1.28345460e-001 -1.09999821e-001
        -5.55401035e-002 1.67964324e-002 8.36462975e-002 1.27000347e-001
        1.18717335e-001 8.21558833e-002 2.58785374e-002 -3.73729393e-002
        -8.82393718e-002 -1.09149784e-001 -9.19660404e-002
        -4.17459682e-002 2.47272160e-002 8.60724971e-002 1.25871345e-001
        1.16148621e-001 8.28654543e-002 3.23478989e-002 -2.41115708e-002
        -6.93355799e-002 -8.77289474e-002 -7.21125379e-002
        -2.70979945e-002 3.23315449e-002 8.72211009e-002 1.23088658e-001
        -1.30332217e-001 -1.39421672e-001 -1.30601674e-001
        -1.01673491e-001 -5.51891662e-002 2.31781276e-003
        6.18259050e-002 1.13516591e-001 1.48814723e-001 1.62479043e-001
        1.54908583e-001 -1.29742935e-001 -1.40069321e-001
        -1.32148027e-001 -1.03919268e-001 -5.81204221e-002
        -1.37025840e-003 5.73258586e-002 1.08238056e-001 1.42840117e-001
        1.55827910e-001 1.47524625e-001 -1.15839511e-001
        -1.26040608e-001 -1.19826704e-001 -9.54232812e-002
        -5.53615391e-002 -5.57033485e-003 4.59769033e-002
        9.07194391e-002 1.21140495e-001 1.32523030e-001 1.25115857e-001
        -8.83214474e-002 -9.68875289e-002 -9.30076316e-002
        -7.53549337e-002 -4.58714068e-002 -9.03133489e-003
        2.92151030e-002 6.25256598e-002 8.53286311e-002 9.41106156e-002
