<?xml version="1.0"?>
<opencv_storage>
<NumStages>2</NumStages>
<PatchSize>9</PatchSize>
<BlockOverLapRatio>0.</BlockOverLapRatio>
<Stages>
  <_><NumFilters>6</NumFilters>
    <HistBlockSize>28</HistBlockSize>
    <Filter type_id="opencv-matrix">
      <rows>6</rows>
      <cols>81</cols>
      <dt>f</dt>
      <data>
        8.41470957e-001 9.68715072e-001 9.97606397e-001 9.25211489e-001
        7.58880734e-001 5.15501440e-001 2.19783545e-001 -9.82486010e-002
        -4.06305641e-001 -6.73110843e-001 -8.71575654e-001
        -9.81550276e-001 -9.91868734e-001 -9.01483715e-001
        -7.19571650e-001 -4.64602441e-001 -1.62462130e-001
        1.56172842e-001 4.58951265e-001 7.15133190e-001 8.98707926e-001
        9.91037846e-001 9.82748449e-001 8.74681473e-001 6.77808344e-001
        4.12118495e-001 1.04586653e-001 -2.13563755e-001
        -5.10032058e-001 -7.54716456e-001 -9.22775209e-001
        -9.97145653e-001 -9.70276535e-001 -8.44896257e-001
        -6.33733749e-001 -3.58229458e-001 -4.63544950e-002
        2.70227730e-001 5.59373021e-001 7.91725755e-001 9.43695426e-001
        9.99852657e-001 9.54495549e-001 8.12229514e-001 5.87497890e-001
        3.03118706e-001 -1.20357545e-002 -3.25968266e-001
        -6.06807053e-001 -8.26035559e-001 -9.61397469e-001
        -9.99149740e-001 -9.35459375e-001 -7.76792765e-001
        -5.39259136e-001 -2.46973291e-001 7.03859106e-002
        3.80598903e-001 6.52170062e-001 8.57527077e-001 9.75820243e-001
        9.95039225e-001 9.13232446e-001 7.38706112e-001 4.89179730e-001
        1.89987421e-001 -1.28494114e-001 -4.33929771e-001
        -6.95310354e-001 -8.86095107e-001 -9.86915469e-001
        -9.87535357e-001 -8.87891829e-001 -6.98101521e-001
        -4.37431961e-001 -1.32351756e-001 1.86165988e-001
        4.85782504e-001 7.36077964e-001 9.11640227e-001 9.94644642e-001
        8.41470957e-001 9.97606397e-001 7.58880734e-001 2.19783545e-001
        -4.06305641e-001 -8.71575654e-001 -9.91868734e-001
        -7.19571650e-001 -1.62462130e-001 4.58951265e-001
        8.98707926e-001 9.82748449e-001 6.77808344e-001 1.04586653e-001
        -5.10032058e-001 -9.22775209e-001 -9.70276535e-001
        -6.33733749e-001 -4.63544950e-002 5.59373021e-001
        9.43695426e-001 9.54495549e-001 5.87497890e-001 -1.20357545e-002
        -6.06807053e-001 -9.61397469e-001 -9.35459375e-001
        -5.39259136e-001 7.03859106e-002 6.52170062e-001 9.75820243e-001
        9.13232446e-001 4.89179730e-001 -1.28494114e-001
        -6.95310354e-001 -9.86915469e-001 -8.87891829e-001
        -4.37431961e-001 1.86165988e-001 7.36077964e-001 9.94644642e-001
        8.59522223e-001 3.84194046e-001 -2.43201092e-001
        -7.74336576e-001 -9.98981774e-001 -8.28222215e-001
        -3.29644144e-001 2.99408615e-001 8.09954226e-001 9.99911845e-001
        7.94096649e-001 2.73971766e-001 -3.54593217e-001
        -8.42807472e-001 -9.97431695e-001 -7.57262707e-001
        -2.17363238e-001 4.08570290e-001 8.72788489e-001 9.91550267e-001
        7.17846096e-001 1.60013363e-001 -4.61153895e-001
        -8.99792910e-001 -9.82286870e-001 -6.75984085e-001
        -1.02121554e-001 5.12164772e-001 9.23728466e-001 9.69673336e-001
        6.31813943e-001 4.38776948e-002 -5.61425686e-001
        -9.44513679e-001 -9.53752637e-001 -5.85488975e-001
        1.45158125e-002 6.08775079e-001 9.62076485e-001 9.34580564e-001
        8.41470957e-001 9.25211489e-001 2.19783545e-001 -6.73110843e-001
        -9.91868734e-001 -4.64602441e-001 4.58951265e-001
        9.91037846e-001 6.77808344e-001 -2.13563755e-001
        -9.22775209e-001 -8.44896257e-001 -4.63544950e-002
        7.91725755e-001 9.54495549e-001 3.03118706e-001 -6.06807053e-001
        -9.99149740e-001 -5.39259136e-001 3.80598903e-001
        9.75820243e-001 7.38706112e-001 -1.28494114e-001
        -8.86095107e-001 -8.87891829e-001 -1.32351756e-001
        7.36077964e-001 9.76663351e-001 3.84194046e-001 -5.35978436e-001
        -9.98981774e-001 -6.09893560e-001 2.99408615e-001
        9.53328252e-001 7.94096649e-001 -4.24665101e-002
        -8.42807472e-001 -9.24267173e-001 -2.17363238e-001
        6.74942493e-001 9.91550267e-001 4.62403417e-001 -4.61153895e-001
        -9.91366088e-001 -6.75984085e-001 2.15988010e-001
        9.23728466e-001 8.43566835e-001 4.38776948e-002 -7.93237329e-001
        -9.53752637e-001 -3.00754189e-001 6.08775079e-001
        9.99044478e-001 5.37167132e-001 -3.82891327e-001
        -9.76359367e-001 -7.37033367e-001 1.30955324e-001
        8.87241960e-001 8.86748016e-001 1.29894778e-001 -7.37755895e-001
        -9.76127625e-001 -3.81902963e-001 5.38069069e-001
        9.99090672e-001 6.07926130e-001 -3.01774174e-001
        -9.54073668e-001 -7.92587876e-001 4.49425094e-002
        8.44138801e-001 9.23316717e-001 2.14939728e-001 -6.76771939e-001
        -9.91225243e-001 -4.60204482e-001 4.63351607e-001
        9.91688013e-001 6.74155653e-001 8.41470957e-001 7.58880734e-001
        -4.06305641e-001 -9.91868734e-001 -1.62462130e-001
        8.98707926e-001 6.77808344e-001 -5.10032058e-001
        -9.70276535e-001 -4.63544950e-002 9.43695426e-001
        5.87497890e-001 -6.06807053e-001 -9.35459375e-001
        7.03859106e-002 9.75820243e-001 4.89179730e-001 -6.95310354e-001
        -8.87891829e-001 1.86165988e-001 9.94644642e-001 3.84194046e-001
        -7.74336576e-001 -8.28222215e-001 2.99408615e-001
        9.99911845e-001 2.73971766e-001 -8.42807472e-001
        -7.57262707e-001 4.08570290e-001 9.91550267e-001 1.60013363e-001
        -8.99792910e-001 -6.75984085e-001 5.12164772e-001
        9.69673336e-001 4.38776948e-002 -9.44513679e-001
        -5.85488975e-001 6.08775079e-001 9.34580564e-001
        -7.28598163e-002 -9.76359367e-001 -4.87016648e-001
        6.97090805e-001 8.86748016e-001 -1.88600466e-001
        -9.94898081e-001 -3.81902963e-001 7.75902450e-001
        8.26828659e-001 -3.01774174e-001 -9.99875903e-001
        -2.71587402e-001 8.44138801e-001 7.55639255e-001
        -4.10834581e-001 -9.91225243e-001 -1.57566443e-001
        9.00871456e-001 6.74155653e-001 -5.14295101e-001
        -9.69063640e-001 -4.13977690e-002 9.45324838e-001
        5.83477974e-001 -6.10739410e-001 -9.33695972e-001
        7.53351748e-002 9.76892889e-001 4.84847218e-001 -6.98865652e-001
        -8.85599673e-001 1.91033766e-001 9.95145440e-001 3.79607737e-001
        -7.77465940e-001 -8.25432181e-001 3.04136097e-001
        9.99833763e-001 2.69201338e-001 8.41470957e-001 5.15501440e-001
        -8.71575654e-001 -4.64602441e-001 8.98707926e-001
        4.12118495e-001 -9.22775209e-001 -3.58230352e-001
        9.43695426e-001 3.03118706e-001 -9.61397469e-001
        -2.46975139e-001 9.75820243e-001 1.89987421e-001
        -9.86915171e-001 -1.32353634e-001 9.94644642e-001
        7.42665902e-002 -9.98981774e-001 -1.59281511e-002
        9.99911845e-001 -4.24665101e-002 -9.97431993e-001
        1.00716338e-001 9.91550267e-001 -1.58618897e-001
        -9.82286870e-001 2.15984285e-001 9.69674230e-001
        -2.72613049e-001 -9.53753829e-001 3.28312039e-001
        9.34580564e-001 -3.82887810e-001 -9.12219882e-001
        4.36161309e-001 8.86748016e-001 -4.87947285e-001
        -8.58253837e-001 5.38069069e-001 8.26828659e-001
        -5.86355805e-001 -7.92587876e-001 6.32639766e-001
        7.55644202e-001 -6.76766336e-001 -7.16118455e-001
        7.18590379e-001 6.74155653e-001 -7.57958412e-001
        -6.29893899e-001 7.94746280e-001 5.83477974e-001
        -8.28819096e-001 -5.35078287e-001 8.60065520e-001
        4.84853894e-001 -8.88382554e-001 -4.32969242e-001
        9.13666189e-001 3.79614800e-001 -9.35834169e-001
        -3.24958622e-001 9.54813182e-001 2.69201338e-001
        -9.70533431e-001 -2.12526083e-001 9.82945502e-001
        1.55118555e-001 -9.92003798e-001 -9.71895009e-002
        9.97679293e-001 3.89214009e-002 -9.99952674e-001 1.94718298e-002
        9.98815596e-001 -7.77986571e-002 -9.94272470e-001
