<?xml version="1.0"?>
<opencv_storage>
<Type>"2D_SS"</Type>
<NumStages>3</NumStages>
<PatchSize>7</PatchSize>
<BlockOverLapRatio>0.</BlockOverLapRatio>
<Stages>
  <_><NumFilters>5</NumFilters>
    <HistBlockSize>25</HistBlockSize>
    <Filter type_id="opencv-matrix">
      <rows>5</rows>
      <cols>49</cols>
      <dt>f</dt>
      <data>
        1.38783708e-001 1.62294626e-001 1.78658932e-001 1.82320610e-001
        1.73342109e-001 1.53130680e-001 1.27010807e-001 1.68503001e-002
        2.26849616e-002 2.96427514e-002 3.08045745e-002 2.20429488e-002
        9.37501434e-003 -1.11565700e-004 -1.20621130e-001
        -1.42794281e-001 -1.50398538e-001 -1.54629230e-001
        -1.57937527e-001 -1.52824581e-001 -1.32256046e-001
        -1.85482532e-001 -2.21044615e-001 -2.37303019e-001
        -2.40946129e-001 -2.37778723e-001 -2.22376525e-001
        -1.85915679e-001 -1.30815670e-001 -1.54010043e-001
        -1.61052689e-001 -1.60744667e-001 -1.56819940e-001
        -1.45813897e-001 -1.20753080e-001 2.80660274e-003
        6.81056920e-003 1.49943652e-002 2.13594604e-002 2.12836005e-002
        1.77835524e-002 1.63285937e-002 1.30444586e-001 1.51323304e-001
        1.68524489e-001 1.76196352e-001 1.74029455e-001 1.61361441e-001
        1.43054202e-001 -1.22721285e-001 -1.47848204e-001
        -1.69945389e-001 -1.81849062e-001 -1.81476086e-001
        -1.67211518e-001 -1.43286377e-001 -8.14758314e-005
        -7.04691233e-003 -2.02041734e-002 -3.05537749e-002
        -3.10802292e-002 -2.51850449e-002 -1.72447972e-002
        1.31504193e-001 1.53239623e-001 1.56693399e-001 1.54822245e-001
        1.52055457e-001 1.42305091e-001 1.20869353e-001 1.85452789e-001
        2.21428767e-001 2.37828240e-001 2.41278037e-001 2.37475052e-001
        2.21750125e-001 1.85376495e-001 1.19938634e-001 1.44761518e-001
        1.55843601e-001 1.60953656e-001 1.62161916e-001 1.54896140e-001
        1.30869687e-001 -1.92618165e-002 -2.09987760e-002
        -2.31339056e-002 -2.12296490e-002 -1.31013300e-002
        -3.62074538e-003 -5.92539087e-004 -1.45068154e-001
        -1.63891926e-001 -1.75818130e-001 -1.76051706e-001
        -1.66505769e-001 -1.48475468e-001 -1.28413498e-001
        2.52667725e-001 2.26814061e-001 1.32013321e-001 1.24519300e-002
        -7.86102638e-002 -1.02504380e-001 -7.36492723e-002
        2.26835787e-001 1.72588140e-001 4.13417667e-002 -9.22695845e-002
        -1.64938971e-001 -1.59134865e-001 -8.90334696e-002
        1.47999734e-001 5.93645647e-002 -7.90285766e-002
        -1.88587159e-001 -2.12153658e-001 -1.52756602e-001
        -4.91124280e-002 4.13834415e-002 -6.68279603e-002
        -1.79739058e-001 -2.27884501e-001 -1.86174855e-001
        -7.53656551e-002 3.72872688e-002 -4.88434583e-002
        -1.44464746e-001 -2.10373402e-001 -1.92036137e-001
        -9.07470956e-002 4.69204374e-002 1.41244560e-001
        -8.57647583e-002 -1.53313577e-001 -1.67081475e-001
        -9.81484577e-002 3.01306676e-002 1.60286367e-001 2.19948173e-001
        -6.10021837e-002 -9.36174765e-002 -7.68393502e-002
        6.84487354e-003 1.26505286e-001 2.20357075e-001 2.48591691e-001
        -1.07925572e-001 2.27060057e-002 -2.29367875e-002
        1.27149850e-001 -2.70918995e-001 1.76706329e-001 9.78283137e-002
        -3.27618748e-001 -3.34269293e-002 -2.03599222e-002
        5.73505238e-002 8.08993801e-002 6.20527044e-002 -6.71183225e-003
        4.10389788e-002 2.12826848e-001 -2.66650282e-002
        -3.56538035e-002 8.98012817e-002 -1.77571669e-001
        4.33410406e-002 1.70929842e-002 4.45519574e-002 1.66794121e-001
        4.22408506e-002 -7.89057985e-002 -2.67223597e-001
        -1.04812428e-001 -2.91655928e-001 5.16722947e-002
        1.70017540e-001 1.25012666e-001 1.18352070e-001 1.17334954e-001
        -1.78768039e-002 -1.23061895e-001 -1.32212251e-001
        -3.16937417e-002 -2.26339940e-002 -5.05689085e-002
        -9.12770629e-002 -8.38990510e-002 4.14708287e-001
        3.20720941e-001 -7.31690675e-002 -7.78435869e-003
        7.81639516e-002 -1.27064615e-001 -9.20472965e-002
        -9.51368883e-002 -1.17013872e-001 -1.29143611e-001
        -1.32507071e-001 -1.28845945e-001 -1.16764814e-001
        -9.53207016e-002 -1.17346257e-001 -1.43202737e-001
        -1.57032683e-001 -1.60700157e-001 -1.56619713e-001
        -1.42960757e-001 -1.17877804e-001 -1.30352959e-001
        -1.58273533e-001 -1.72833413e-001 -1.76477388e-001
        -1.72294706e-001 -1.58070162e-001 -1.31206900e-001
        -1.33682758e-001 -1.62293360e-001 -1.77179322e-001
        -1.81000665e-001 -1.76846743e-001 -1.62637264e-001
        -1.35380000e-001 -1.28239140e-001 -1.56536505e-001
        -1.71679497e-001 -1.75833926e-001 -1.71809927e-001
        -1.57657102e-001 -1.30894214e-001 -1.13030709e-001
        -1.39607772e-001 -1.54356152e-001 -1.58814698e-001
        -1.54942244e-001 -1.41326278e-001 -1.16447493e-001
        -8.82917941e-002 -1.11079887e-001 -1.24306671e-001
        -1.28531888e-001 -1.25114098e-001 -1.13102563e-001
        -9.19688493e-002</data></Filter></_>
  <_><NumFilters>5</NumFilters>
    <HistBlockSize>25</HistBlockSize>
    <Filter type_id="opencv-matrix">
      <rows>5</rows>
      <cols>49</cols>
      <dt>f</dt>
      <data>
        1.14755675e-001 -2.03160286e-001 2.72665858e-001
        -1.93834994e-002 7.72545040e-002 -3.46577793e-001
        5.73504642e-002 1.17174074e-001 -7.47877881e-002
        -3.43053858e-003 2.00351432e-001 2.42005914e-001
        -3.19959894e-002 1.83897167e-001 -7.80805945e-002
        -1.45385131e-001 2.64121681e-001 4.34257574e-002 1.55724227e-001
        -6.39048591e-002 -1.74238067e-002 -2.09822133e-001
        -8.53764489e-002 1.34267524e-001 -1.16317980e-001
        -3.45954299e-002 -1.37738600e-001 -2.70454353e-003
        -1.03968032e-001 5.67952497e-003 1.76385507e-001
        -4.38212007e-002 -4.84080836e-002 1.20685071e-001
        -9.42101330e-002 2.28642076e-001 -1.39491186e-001
        -7.52329007e-002 -9.52184200e-002 -1.03997797e-001
        -7.19599798e-002 2.60029472e-002 -2.00577378e-001
        -8.07676613e-002 -2.68534776e-002 -3.36372644e-001
        5.17703891e-002 3.12469192e-002 1.44720465e-001 9.78427157e-002
        -1.78856943e-002 -1.39673471e-001 -1.81967631e-001
        -1.10098258e-001 3.18952464e-002 1.45265967e-001 1.27647325e-001
        -8.17914307e-003 -1.66086257e-001 -2.20720783e-001
        -1.33207411e-001 3.62641364e-002 1.68183893e-001 1.57791108e-001
        8.33873264e-003 -1.66581929e-001 -2.38328412e-001
        -1.51643932e-001 3.57759818e-002 1.80668175e-001 1.79943368e-001
        2.85389591e-002 -1.61253721e-001 -2.42090985e-001
        -1.59550145e-001 2.81113368e-002 1.78198278e-001 1.85376614e-001
        4.10992056e-002 -1.49392009e-001 -2.38205865e-001
        -1.66310087e-001 1.52248843e-002 1.62739873e-001 1.77164674e-001
        3.94079052e-002 -1.35366186e-001 -2.22781777e-001
        -1.61829621e-001 -6.28156413e-004 1.38363421e-001
        1.59094810e-001 4.57757823e-002 -1.06865473e-001
        -1.86008245e-001 -1.38440341e-001 -7.83815514e-003
        1.12360634e-001 -9.82750803e-002 -2.09318027e-001
        8.12252760e-002 -1.22425295e-001 9.70378965e-002
        -2.03292653e-001 -2.72407895e-003 -4.20167334e-002
        1.14523672e-001 -9.43531618e-002 -1.99294478e-001
        1.46587938e-001 -2.53207386e-001 2.23923445e-001
        -8.39937925e-002 3.22830752e-002 -3.93304154e-002
        5.69555685e-002 1.41510457e-001 -3.92433479e-002
        -1.17402285e-001 1.78078666e-001 -1.28868982e-001
        -8.04163739e-002 2.99546301e-001 -1.41950697e-001
        6.66506216e-003 2.21922938e-002 9.29686427e-002 9.42987427e-002
        -6.46708012e-002 2.25234553e-001 -2.17559874e-001
        -3.14288825e-001 -1.65613413e-001 -1.37573704e-001
        4.56262603e-002 8.45632702e-002 1.26200169e-001 -8.27118009e-002
        9.90481898e-002 -1.43842166e-002 1.27956733e-001 2.73536921e-001
        -8.33772197e-002 -3.59457470e-002 1.18656889e-001
