<?xml version="1.0"?>
<opencv_storage>
<DimensionLDA>0</DimensionLDA>
<NumStages>2</NumStages>
<PatchSize>9</PatchSize>
<BlkOverLapRatio>0.</BlkOverLapRatio>
<Stages>
  <_><NumFilters>8</NumFilters>
    <HistBlockSize>28</HistBlockSize>
    <Filter type_id="opencv-matrix">
      <rows>8</rows>
      <cols>81</cols>
      <dt>f</dt>
      <data>
        -1.42678499e-001 -1.26655757e-001 -9.60570276e-002
        -5.30323647e-002 -2.62408215e-003 4.81176823e-002
        9.20536518e-002 1.23885296e-001 1.41172945e-001 -1.50634021e-001
        -1.34056121e-001 -1.01699084e-001 -5.59150614e-002
        -2.18980573e-003 5.18058315e-002 9.83299613e-002 1.31671771e-001
        1.49251044e-001 -1.56714305e-001 -1.39659703e-001
        -1.05896182e-001 -5.79392239e-002 -1.63760595e-003
        5.48534468e-002 1.03329055e-001 1.37770504e-001 1.55514002e-001
        -1.60468921e-001 -1.43020421e-001 -1.08282954e-001
        -5.88941574e-002 -9.49564914e-004 5.70845790e-002
        1.06720187e-001 1.41768694e-001 1.59527913e-001 -1.61631718e-001
        -1.43892333e-001 -1.08672991e-001 -5.86843938e-002
        -1.35133989e-004 5.83940260e-002 1.08329162e-001 1.43446684e-001
        1.61063001e-001 -1.60124823e-001 -1.42221138e-001
        -1.07043795e-001 -5.73197044e-002 7.68969883e-004
        5.87264858e-002 1.08087860e-001 1.42730162e-001 1.60042465e-001
        -1.56023338e-001 -1.38087511e-001 -1.03474401e-001
        -5.48716858e-002 1.70797482e-003 5.80457225e-002 1.05977200e-001
        1.39617786e-001 1.56486586e-001 -1.49600491e-001
        -1.31761447e-001 -9.81916636e-002 -5.14908843e-002
        2.62325187e-003 5.63849360e-002 1.02114201e-001 1.34290829e-001
        1.50606737e-001 -1.41327232e-001 -1.23712078e-001
        -9.15910676e-002 -4.74364534e-002 3.43442638e-003
        5.38547561e-002 9.67710689e-002 1.27123654e-001 1.42813906e-001
        -1.35218188e-001 -1.50965616e-001 -1.63627774e-001
        -1.72055915e-001 -1.75571367e-001 -1.73884541e-001
        -1.66980758e-001 -1.55373886e-001 -1.40159771e-001
        -1.11240648e-001 -1.25327274e-001 -1.36728466e-001
        -1.44440666e-001 -1.47825778e-001 -1.46603733e-001
        -1.40709072e-001 -1.30564615e-001 -1.17138825e-001
        -7.89136663e-002 -8.96521732e-002 -9.84364450e-002
        -1.04498759e-001 -1.07343704e-001 -1.06717423e-001
        -1.02517299e-001 -9.50355381e-002 -8.50232467e-002
        -4.01563644e-002 -4.61013280e-002 -5.10922074e-002
        -5.47050536e-002 -5.66389151e-002 -5.66885769e-002
        -5.47367334e-002 -5.09213284e-002 -4.56644818e-002
        2.09285505e-003 1.79542415e-003 1.30199071e-003 6.33877004e-004
        -1.40016346e-004 -8.88476323e-004 -1.49507727e-003
        -1.91613717e-003 -2.18139519e-003 4.42459472e-002
        4.96332049e-002 5.36794700e-002 5.59947789e-002 5.64121418e-002
        5.49814031e-002 5.18165268e-002 4.71544936e-002 4.13650721e-002
        8.27747062e-002 9.30578709e-002 1.01008952e-001 1.05880097e-001
        1.07297458e-001 1.05246156e-001 9.98496115e-002 9.15168375e-002
        8.09676349e-002 1.14759982e-001 1.28529385e-001 1.39245376e-001
        1.45904914e-001 1.47987619e-001 1.45438269e-001 1.38395727e-001
        1.27407655e-001 1.13450669e-001 1.38439775e-001 1.53976291e-001
        1.66079774e-001 1.73618659e-001 1.75990805e-001 1.73107103e-001
        1.65135562e-001 1.52719885e-001 1.36986837e-001 1.65984884e-001
        8.54523107e-002 -5.39926905e-003 -7.86552578e-002
        -1.09595381e-001 -8.71041566e-002 -2.01018378e-002
        6.78248405e-002 1.48830175e-001 1.65082291e-001 7.74138197e-002
        -2.19513942e-002 -1.01957545e-001 -1.35085538e-001
        -1.09123796e-001 -3.44069526e-002 6.25072867e-002
        1.50568321e-001 1.62844673e-001 6.93919584e-002 -3.65936607e-002
        -1.21586248e-001 -1.55961782e-001 -1.26806006e-001
        -4.56953719e-002 5.84253110e-002 1.52057454e-001 1.59866467e-001
        6.25856146e-002 -4.74345088e-002 -1.35126159e-001
        -1.69649944e-001 -1.37838423e-001 -5.22195622e-002
        5.66840619e-002 1.53827623e-001 1.56848460e-001 5.81152327e-002
        -5.29897064e-002 -1.40879497e-001 -1.74454451e-001
        -1.40737712e-001 -5.28441742e-002 5.80243133e-002
        1.56296238e-001 1.54337198e-001 5.66809066e-002 -5.25013879e-002
        -1.38137951e-001 -1.69797093e-001 -1.35089681e-001
        -4.73162010e-002 6.25692979e-002 1.59492314e-001 1.52369723e-001
        5.82200363e-002 -4.61705886e-002 -1.27265185e-001
        -1.56212911e-001 -1.21565811e-001 -3.63585763e-002
        6.96260408e-002 1.62811130e-001 1.50639340e-001 6.20673858e-002
        -3.50687057e-002 -1.09708272e-001 -1.35374188e-001
        -1.01848759e-001 -2.14991551e-002 7.79539198e-002
        1.65365219e-001 1.48800477e-001 6.72926158e-002 -2.08303798e-002
        -8.76753032e-002 -1.09757468e-001 -7.83236921e-002
        -4.69513750e-003 8.61814916e-002 1.66355893e-001
        -1.87093511e-001 -1.82682529e-001 -1.48131505e-001
        -8.55893567e-002 -4.53841547e-003 7.95413628e-002
        1.49866745e-001 1.93752572e-001 2.05739200e-001 -1.67747125e-001
        -1.66067213e-001 -1.36701077e-001 -8.11193511e-002
        -7.84760900e-003 6.88704476e-002 1.33295804e-001 1.73347265e-001
        1.83691248e-001 -1.26494572e-001 -1.27239525e-001
        -1.06775835e-001 -6.56188130e-002 -9.95736662e-003
        4.93229367e-002 9.97315645e-002 1.31377295e-001 1.39725447e-001
        -6.63775876e-002 -6.90514371e-002 -6.05164282e-002
        -4.00807522e-002 -1.04236398e-002 2.27478743e-002
        5.21572120e-002 7.15535507e-002 7.76450709e-002 5.12324506e-003
        9.96168354e-004 -4.02507605e-003 -7.95669761e-003
        -9.25405696e-003 -7.31544709e-003 -3.02864145e-003
        1.80888898e-003 5.45524294e-003 7.73298666e-002 7.18942583e-002
        5.34228273e-002 2.51409244e-002 -7.17746885e-003
        -3.66219170e-002 -5.76220378e-002 -6.74475953e-002
        -6.62828162e-002 1.39350563e-001 1.32397607e-001 1.02349259e-001
        5.34365773e-002 -5.06557617e-003 -6.10148795e-002
        -1.03433564e-001 -1.25818014e-001 -1.27055869e-001
        1.83040902e-001 1.74195260e-001 1.35795921e-001 7.26960078e-002
        -3.54209938e-003 -7.73778334e-002 -1.34393454e-001
        -1.65640935e-001 -1.69120178e-001 2.04657406e-001
        1.93663105e-001 1.50811613e-001 8.12205300e-002 -2.72989389e-003
        -8.43230188e-002 -1.47930071e-001 -1.83689654e-001
        -1.89231172e-001 1.10946573e-001 1.37702599e-001 1.68800622e-001
        1.93845853e-001 2.03082651e-001 1.92877397e-001 1.67739511e-001
        1.37893155e-001 1.13530584e-001 3.31280641e-002 4.73865271e-002
        6.98628277e-002 8.99736434e-002 9.74346921e-002 8.83445144e-002
        6.78714588e-002 4.70019132e-002 3.58833335e-002 -4.51945998e-002
        -4.66303267e-002 -3.58440317e-002 -2.29803417e-002
        -1.84221268e-002 -2.61568166e-002 -4.04237323e-002
        -4.98738363e-002 -4.48769219e-002 -1.03165120e-001
        -1.17710665e-001 -1.17011666e-001 -1.10608973e-001
        -1.08773746e-001 -1.15424946e-001 -1.24385148e-001
        -1.24220110e-001 -1.06055066e-001 -1.24474451e-001
        -1.44339010e-001 -1.47792250e-001 -1.44050717e-001
        -1.43278971e-001 -1.49338365e-001 -1.55930802e-001
        -1.51765823e-001 -1.28411219e-001 -1.03069298e-001
        -1.18146554e-001 -1.17810071e-001 -1.11459024e-001
        -1.09322928e-001 -1.15328558e-001 -1.23438150e-001
        -1.22561015e-001 -1.04173593e-001 -4.56977189e-002
        -4.79997583e-002 -3.77035923e-002 -2.47658528e-002
        -1.95638388e-002 -2.61121225e-002 -3.88505198e-002
        -4.69749235e-002 -4.15158235e-002 3.11057679e-002
        4.45366167e-002 6.67131320e-002 8.71551931e-002 9.55848768e-002
        8.80997330e-002 6.96373805e-002 5.05613983e-002 4.02459688e-002
        1.07735105e-001 1.34180382e-001 1.65476188e-001 1.91195786e-001
        2.01637283e-001 1.93182349e-001 1.70176446e-001 1.42248929e-001
