<?xml version="1.0"?>
<opencv_storage>
<Type>"2D_SS"</Type>
<NumStages>2</NumStages>
<PatchSize>11</PatchSize>
<BlockOverLapRatio>0.</BlockOverLapRatio>
<Stages>
  <_><NumFilters>6</NumFilters>
    <HistBlockSize>25</HistBlockSize>
    <Filter type_id="opencv-matrix">
      <rows>6</rows>
      <cols>121</cols>
      <dt>f</dt>
      <data>
        7.60970265e-002 9.67027992e-002 9.54451859e-002 7.20057338e-002
        3.87231372e-002 4.46083443e-003 -2.72478610e-002
        -5.01376279e-002 -5.59530929e-002 -4.40494679e-002
        -2.25839429e-002 1.02022119e-001 1.33373722e-001 1.26336530e-001
        8.25972557e-002 2.45286915e-002 -3.02233677e-002
        -7.34760240e-002 -9.58834291e-002 -8.95166919e-002
        -6.04688339e-002 -2.55560391e-002 1.14752792e-001
        1.46928430e-001 1.26827717e-001 6.15251474e-002 -1.57340430e-002
        -8.03984553e-002 -1.22379005e-001 -1.31838605e-001
        -1.04512490e-001 -5.62008023e-002 -1.22968433e-002
        1.13421850e-001 1.35839149e-001 9.84849930e-002 1.67129096e-002
        -6.75847158e-002 -1.27489522e-001 -1.54799059e-001
        -1.41832516e-001 -9.04260278e-002 -2.71189343e-002
        1.64885242e-002 1.01754695e-001 1.07297979e-001 5.36329821e-002
        -3.51558886e-002 -1.13285154e-001 -1.56661123e-001
        -1.61383092e-001 -1.23196676e-001 -5.11855930e-002
        1.82537995e-002 5.13742715e-002 8.05047676e-002 6.67579249e-002
        2.18174746e-003 -8.28605369e-002 -1.44650578e-001
        -1.65377274e-001 -1.45602405e-001 -8.48740265e-002
        9.58899327e-005 6.59653023e-002 8.14701021e-002 4.95532602e-002
        1.89155713e-002 -4.83849980e-002 -1.20051697e-001
        -1.59300685e-001 -1.55810550e-001 -1.13762349e-001
        -3.68696898e-002 5.15578426e-002 1.05938815e-001 1.01660259e-001
        1.40299862e-002 -2.65943371e-002 -8.73060748e-002
        -1.38340816e-001 -1.52751639e-001 -1.27297431e-001
        -6.90536350e-002 1.41537245e-002 9.58569497e-002 1.33841276e-001
        1.12446286e-001 -1.46164522e-002 -5.56149632e-002
        -1.01674207e-001 -1.29157573e-001 -1.21556595e-001
        -8.14708024e-002 -1.81094296e-002 5.87178692e-002
        1.24430031e-001 1.45091429e-001 1.13539949e-001 -2.65048593e-002
        -5.91380373e-002 -8.69936049e-002 -9.43047777e-002
        -7.36857280e-002 -3.15714888e-002 2.27258131e-002
        8.10365900e-002 1.25426710e-001 1.32666975e-001 1.01310119e-001
        -2.17413045e-002 -4.19076234e-002 -5.39774448e-002
        -4.98049334e-002 -2.82723568e-002 3.25357867e-003
        3.77680175e-002 7.16994554e-002 9.59065929e-002 9.72773284e-002
        7.62811825e-002 -2.21278574e-002 -3.37391756e-002
        -4.70265858e-002 -5.93352914e-002 -6.85889944e-002
        -7.39797503e-002 -7.57068992e-002 -7.39434436e-002
        -6.80833980e-002 -5.73080964e-002 -4.26520072e-002
        -1.79779828e-002 -3.51074077e-002 -5.74774258e-002
        -8.10742825e-002 -1.01261571e-001 -1.14661880e-001
        -1.19685531e-001 -1.15794495e-001 -1.02881737e-001
        -8.16862211e-002 -5.55022359e-002 3.08628450e-003
        -6.07039733e-003 -2.38566753e-002 -4.68176268e-002
        -6.92632869e-002 -8.62310231e-002 -9.48102996e-002
        -9.39649343e-002 -8.39365348e-002 -6.61545321e-002
        -4.40120474e-002 4.43898775e-002 5.72526120e-002 5.95328473e-002
        5.18535636e-002 3.89431454e-002 2.56244373e-002 1.49312504e-002
        7.74236582e-003 3.60596413e-003 1.67661940e-003 1.25645683e-003
        8.27876329e-002 1.18405186e-001 1.43812835e-001 1.56153426e-001
        1.57988682e-001 1.52936086e-001 1.43290475e-001 1.29242927e-001
        1.09797731e-001 8.46558362e-002 5.65274730e-002 8.81223753e-002
        1.31476372e-001 1.67520911e-001 1.91525102e-001 2.04109207e-001
        2.07461432e-001 2.02889815e-001 1.89635694e-001 1.65648103e-001
        1.30070329e-001 8.70877430e-002 5.23906574e-002 8.22649375e-002
        1.09536394e-001 1.30465508e-001 1.44836009e-001 1.53647289e-001
        1.57225788e-001 1.53881982e-001 1.40314341e-001 1.14025101e-001
        7.77911916e-002 -4.88070073e-003 -1.74471375e-003
        3.41801904e-003 1.00792358e-002 1.84408706e-002 2.88180914e-002
        4.06804606e-002 5.15660457e-002 5.71558811e-002 5.31656668e-002
        3.92911062e-002 -4.89064455e-002 -6.81468174e-002
        -8.25818405e-002 -8.98443833e-002 -8.91711339e-002
        -8.04884583e-002 -6.46382272e-002 -4.41645421e-002
        -2.34808791e-002 -7.64884567e-003 3.52337462e-004
        -5.70390932e-002 -8.13975781e-002 -1.00623690e-001
        -1.11835338e-001 -1.14626050e-001 -1.09234661e-001
        -9.62211490e-002 -7.71438926e-002 -5.50359376e-002
        -3.39714028e-002 -1.75519101e-002 -4.18815203e-002
        -5.65720946e-002 -6.75169602e-002 -7.33914524e-002
        -7.48886913e-002 -7.27035329e-002 -6.68819919e-002
        -5.74366823e-002 -4.51870747e-002 -3.19904834e-002
        -2.02341769e-002 5.56023978e-002 3.47767361e-002 1.01034753e-002
        -1.06539391e-002 -2.30531991e-002 -2.74510253e-002
        -2.44411696e-002 -1.23414332e-002 9.41384304e-003
        3.55723538e-002 5.71435131e-002 3.47350277e-002 5.97175397e-003
        -2.70367842e-002 -5.40923476e-002 -6.98582977e-002
        -7.52083734e-002 -7.12976530e-002 -5.60468100e-002
        -2.83704177e-002 5.69545571e-003 3.49412672e-002 7.46537419e-003
        -2.99465060e-002 -6.97481185e-002 -1.00281946e-001
        -1.16847545e-001 -1.21994816e-001 -1.17880434e-001
        -1.01709649e-001 -7.07574859e-002 -3.03022936e-002
        7.34638656e-003 -1.54323233e-002 -5.95207177e-002
        -1.03174493e-001 -1.34153098e-001 -1.49257749e-001
        -1.53296560e-001 -1.49636492e-001 -1.34646371e-001
        -1.03351831e-001 -5.93404211e-002 -1.51252160e-002
        -2.79621817e-002 -7.56567046e-002 -1.20694026e-001
        -1.50733024e-001 -1.63853541e-001 -1.66724190e-001
        -1.63762167e-001 -1.50654852e-001 -1.20511264e-001
        -7.52834976e-002 -2.73498129e-002 -3.11542433e-002
        -7.99377561e-002 -1.25329748e-001 -1.54959515e-001
        -1.67323202e-001 -1.69767037e-001 -1.67119175e-001
        -1.54858768e-001 -1.25376835e-001 -7.99398646e-002
        -3.08406670e-002 -2.70106681e-002 -7.47808889e-002
        -1.20220318e-001 -1.50740504e-001 -1.64078116e-001
        -1.66863009e-001 -1.63613945e-001 -1.50312170e-001
        -1.20176293e-001 -7.49946907e-002 -2.70353369e-002
        -1.42980870e-002 -5.83870299e-002 -1.02597244e-001
        -1.34243459e-001 -1.49409756e-001 -1.52847916e-001
        -1.48367405e-001 -1.32954434e-001 -1.01862065e-001
        -5.82405590e-002 -1.42298881e-002 8.21175333e-003
        -2.90680099e-002 -6.93768412e-002 -1.00438997e-001
        -1.16686381e-001 -1.20617099e-001 -1.15086965e-001
        -9.82740745e-002 -6.78516328e-002 -2.84151509e-002
        8.50300118e-003 3.52836102e-002 6.68910285e-003 -2.68312301e-002
        -5.43320142e-002 -6.95644096e-002 -7.33421892e-002
        -6.77065030e-002 -5.18339761e-002 -2.51604449e-002
        7.21698534e-003 3.52295339e-002 5.67135252e-002 3.59850973e-002
        1.06324721e-002 -1.07491994e-002 -2.28224173e-002
        -2.58218478e-002 -2.12889109e-002 -8.90832953e-003
        1.13560557e-002 3.53221297e-002 5.53126633e-002 1.29952719e-002
        1.94944926e-002 1.74857415e-002 7.37054180e-003 -8.17546155e-003
        -2.79377326e-002 -5.29131517e-002 -8.06731135e-002
        -9.94490981e-002 -9.70576629e-002 -7.60299563e-002
        2.89077982e-002 4.56440672e-002 5.11925407e-002 4.15079109e-002
        1.75638106e-002 -1.78827103e-002 -6.34482577e-002
        -1.12126157e-001 -1.44441336e-001 -1.40845269e-001
        -1.04557820e-001 4.09382544e-002 7.15762898e-002 9.21921730e-002
        9.27194655e-002 7.00202957e-002 2.68660840e-002 -3.33563872e-002
        -1.00828476e-001 -1.50269672e-001 -1.54955536e-001
        -1.15486361e-001 4.07322571e-002 8.20802599e-002 1.21166222e-001
