<?xml version="1.0"?>
<opencv_storage>
<NumStages>2</NumStages>
<PatchSize>11</PatchSize>
<Stages>
  <_><NumFilters>4</NumFilters>
    <HistBlockSize>28</HistBlockSize>
    <BlkOverLapRatio>0.0</BlkOverLapRatio>
    <Filter type_id="opencv-matrix">
      <rows>4</rows>
      <cols>121</cols>
      <dt>f</dt>
      <data>
        -1.12744607e-001 -1.06445320e-001 -9.13389921e-002
        -6.75055981e-002 -3.66235636e-002 -1.79156160e-003
        3.31877321e-002 6.44740984e-002 8.88750404e-002 1.04571007e-001
        1.11355111e-001 -1.18844837e-001 -1.12505883e-001
        -9.66524556e-002 -7.13903308e-002 -3.85570563e-002
        -1.52001029e-003 3.56182940e-002 6.87300563e-002 9.43827406e-002
        1.10635929e-001 1.17297955e-001 -1.23919249e-001
        -1.17522463e-001 -1.01018675e-001 -7.45415017e-002
        -4.00666781e-002 -1.18858891e-003 3.77428569e-002
        7.23567605e-002 9.90237817e-002 1.15709759e-001 1.22245803e-001
        -1.27700970e-001 -1.21220574e-001 -1.04187854e-001
        -7.67657757e-002 -4.10411134e-002 -7.78472051e-004
        3.94814573e-002 7.51886293e-002 1.02573723e-001 1.19543023e-001
        1.25953063e-001 -1.30012572e-001 -1.23424016e-001
        -1.06005341e-001 -7.79440776e-002 -4.14094292e-002
        -2.79651402e-004 4.07849923e-002 7.71264136e-002 1.04899772e-001
        1.21986598e-001 1.28269479e-001 -1.30771667e-001
        -1.24058262e-001 -1.06406517e-001 -7.80337080e-002
        -4.11574319e-002 2.93685269e-004 4.16141525e-002 7.81144574e-002
        1.05935410e-001 1.22967876e-001 1.29120365e-001 -1.29950196e-001
        -1.23095088e-001 -1.05373442e-001 -7.70299807e-002
        -4.02931608e-002 9.23904881e-004 4.19462472e-002 7.81269297e-002
        1.05653688e-001 1.22460015e-001 1.28480539e-001 -1.27569556e-001
        -1.20563656e-001 -1.02940254e-001 -7.49690086e-002
        -3.88509259e-002 1.58114068e-003 4.17582318e-002 7.71479085e-002
        1.04046084e-001 1.20461509e-001 1.26355797e-001 -1.23716407e-001
        -1.16551645e-001 -9.91895720e-002 -7.19202533e-002
        -3.68809029e-002 2.23780028e-003 4.10442986e-002 7.51920789e-002
        1.01146810e-001 1.17022991e-001 1.22807354e-001 -1.18569382e-001
        -1.11241832e-001 -9.42891464e-002 -6.80181831e-002
        -3.44688520e-002 2.86494009e-003 3.98337729e-002 7.23409057e-002
        9.70765725e-002 1.12289645e-001 1.17989823e-001 -1.12391055e-001
        -1.04912467e-001 -8.84998664e-002 -6.34750649e-002
        -3.17517854e-002 3.41966073e-003 3.81823443e-002 6.87389076e-002
        9.20448825e-002 1.06504358e-001 1.12147674e-001 -1.08694129e-001
        -1.20019652e-001 -1.29742473e-001 -1.37226477e-001
        -1.42052472e-001 -1.44036621e-001 -1.43084764e-001
        -1.39158383e-001 -1.32349551e-001 -1.23030744e-001
        -1.11868575e-001 -9.51345265e-002 -1.05830193e-001
        -1.15032293e-001 -1.22147709e-001 -1.26793176e-001
        -1.28804445e-001 -1.28087565e-001 -1.24579825e-001
        -1.18327551e-001 -1.09663486e-001 -9.92156416e-002
        -7.64282122e-002 -8.55589435e-002 -9.34451818e-002
        -9.95908752e-002 -1.03676759e-001 -1.05559446e-001
        -1.05141714e-001 -1.02340288e-001 -9.71661285e-002
        -8.98899734e-002 -8.10562745e-002 -5.32215796e-002
        -5.99025749e-002 -6.57160878e-002 -7.03125969e-002
        -7.34618232e-002 -7.50423968e-002 -7.49535859e-002
        -7.31062666e-002 -6.94835633e-002 -6.42790869e-002
        -5.79017140e-002 -2.67101265e-002 -3.02620791e-002
        -3.34161334e-002 -3.60033140e-002 -3.79023738e-002
        -3.90171744e-002 -3.92584242e-002 -3.85399237e-002
        -3.68261822e-002 -3.42159681e-002 -3.09406668e-002
        1.51178217e-003 1.44975632e-003 1.27508747e-003 9.59007826e-004
        4.95353888e-004 -5.34625942e-005 -6.15632278e-004
        -1.11567217e-003 -1.50095054e-003 -1.76354521e-003
        -1.93253916e-003 2.96875648e-002 3.31250392e-002 3.59505825e-002
        3.79287079e-002 3.89282964e-002 3.89705375e-002 3.81043553e-002
        3.63934785e-002 3.39106470e-002 3.07732075e-002 2.71593295e-002
        5.60346656e-002 6.26326650e-002 6.81669563e-002 7.22166598e-002
        7.45385811e-002 7.51122832e-002 7.39671215e-002 7.11590573e-002
        6.67804033e-002 6.10510036e-002 5.43366559e-002 7.89879560e-002
        8.80875885e-002 9.57625359e-002 1.01445973e-001 1.04807675e-001
        1.05788238e-001 1.04402348e-001 1.00705236e-001 9.48109925e-002
        8.70254487e-002 7.78651536e-002 9.74174514e-002 1.08148329e-001
        1.17215551e-001 1.23960130e-001 1.27993613e-001 1.29221961e-001
        1.27648920e-001 1.23334982e-001 1.16420187e-001 1.07277475e-001
        9.65238363e-002 1.10716119e-001 1.22142956e-001 1.31801769e-001
        1.39000580e-001 1.43322423e-001 1.44639701e-001 1.42948985e-001
        1.38319612e-001 1.30921021e-001 1.21170402e-001 1.09735347e-001
        1.33022234e-001 8.82076025e-002 3.02218515e-002 -2.84144357e-002
        -7.30277300e-002 -9.13965553e-002 -7.84430951e-002
        -3.81674580e-002 1.79081876e-002 7.52675459e-002 1.21064827e-001
        1.34461343e-001 8.59688073e-002 2.29281057e-002 -4.08405028e-002
        -8.91662389e-002 -1.08630545e-001 -9.37767178e-002
        -4.91918549e-002 1.22940075e-002 7.46498406e-002 1.23813778e-001
        1.34895772e-001 8.31541047e-002 1.58060845e-002 -5.22214584e-002
        -1.03516176e-001 -1.23697363e-001 -1.07046001e-001
        -5.86641766e-002 7.47867301e-003 7.40733445e-002 1.26074851e-001
        1.34438634e-001 8.01003948e-002 9.48457140e-003 -6.16394989e-002
        -1.14948295e-001 -1.35401517e-001 -1.17126264e-001
        -6.56842589e-002 4.06268286e-003 7.38615617e-002 1.27957240e-001
        1.33347780e-001 7.72547200e-002 4.60643461e-003 -6.82915226e-002
        -1.22559138e-001 -1.42803788e-001 -1.23157613e-001
        -6.95489570e-002 2.56832247e-003 7.43546113e-002 1.29654497e-001
        1.31919026e-001 7.50295371e-002 1.67223858e-003 -7.15989172e-002
        -1.25741705e-001 -1.45336494e-001 -1.24646999e-001
        -6.98527545e-002 3.30557674e-003 7.57737383e-002 1.31304175e-001
        1.30323902e-001 7.36473724e-002 9.59479017e-004 -7.12801814e-002
        -1.24248587e-001 -1.42805502e-001 -1.21459760e-001
        -6.65200725e-002 6.30089827e-003 7.81105086e-002 1.32883936e-001
        1.28594339e-001 7.31434152e-002 2.46776710e-003 -6.73907250e-002
        -1.18198127e-001 -1.35396317e-001 -1.13843158e-001
        -5.98335378e-002 1.12746339e-002 8.11139271e-002 1.34181648e-001
        1.26622275e-001 7.33169541e-002 5.89968404e-003 -6.03221916e-002
        -1.08074389e-001 -1.23668574e-001 -1.02391914e-001
        -5.03817946e-002 1.76768247e-002 8.43090042e-002 1.34830624e-001
        1.24280214e-001 7.38732442e-002 1.07573541e-002 -5.07754982e-002
        -9.47328433e-002 -1.08545192e-001 -8.80143791e-002
        -3.89884599e-002 2.48224568e-002 8.71819705e-002 1.34488419e-001
        1.21541269e-001 7.45650008e-002 1.64962504e-002 -3.96003611e-002
        -7.92604983e-002 -9.12292451e-002 -7.18664825e-002
        -2.66188327e-002 3.20239738e-002 8.93274024e-002 1.32981777e-001
        -1.45695165e-001 -1.50273189e-001 -1.37293339e-001
        -1.05818525e-001 -5.86041287e-002 -1.90128747e-003
        5.62672988e-002 1.07346967e-001 1.43908218e-001 1.61698937e-001
        1.60512045e-001 -1.38342157e-001 -1.44032165e-001
        -1.32704243e-001 -1.03351824e-001 -5.85848764e-002
        -4.41036094e-003 5.14316075e-002 1.00675009e-001 1.35882482e-001
        1.52777046e-001 1.51078925e-001 -1.18350729e-001
        -1.24385796e-001 -1.15702078e-001 -9.12852958e-002
        -5.32640927e-002 -6.72884239e-003 4.17217575e-002
        8.47297385e-002 1.15618065e-001 1.30461648e-001 1.28923744e-001
        -8.60613137e-002 -9.15596709e-002 -8.63618031e-002
        -6.95029274e-002 -4.23118770e-002 -8.24979600e-003
        2.78032329e-002 6.02597259e-002 8.38958621e-002 9.55448449e-002
