<?xml version="1.0"?>
<opencv_storage>
<NumStages>2</NumStages>
<PatchSize>9</PatchSize>
<BlkOverLapRatio>0.</BlkOverLapRatio>
<Stages>
  <_><NumFilters>4</NumFilters>
    <HistBlockSize>28</HistBlockSize>
    <Filter type_id="opencv-matrix">
      <rows>4</rows>
      <cols>81</cols>
      <dt>f</dt>
      <data>
        -1.34395957e-001 -1.22819692e-001 -9.56683010e-002
        -5.39230406e-002 -2.88120680e-003 4.93588634e-002
        9.40472558e-002 1.24413714e-001 1.37965515e-001 -1.43943042e-001
        -1.32267877e-001 -1.03270911e-001 -5.81249408e-002
        -2.77968519e-003 5.37885986e-002 1.01924129e-001 1.34152576e-001
        1.47734776e-001 -1.51201382e-001 -1.39417306e-001
        -1.08989969e-001 -6.12418391e-002 -2.62830197e-003
        5.71989566e-002 1.07901104e-001 1.41488165e-001 1.55059218e-001
        -1.55656263e-001 -1.43750101e-001 -1.12394728e-001
        -6.30193129e-002 -2.40343134e-003 5.93801551e-002
        1.11584939e-001 1.45928547e-001 1.59438893e-001 -1.57179013e-001
        -1.45152450e-001 -1.13401234e-001 -6.34211078e-002
        -2.12571654e-003 6.02603815e-002 1.12871602e-001 1.47359103e-001
        1.60760507e-001 -1.55721009e-001 -1.43591568e-001
        -1.11991629e-001 -6.24414422e-002 -1.79686327e-003
        5.98364100e-002 1.11761488e-001 1.45787403e-001 1.59035131e-001
        -1.51314080e-001 -1.39105648e-001 -1.08205438e-001
        -6.01109788e-002 -1.42652728e-003 5.81269301e-002
        1.08300403e-001 1.41279459e-001 1.54342473e-001 -1.44138277e-001
        -1.31867439e-001 -1.02190882e-001 -5.65261394e-002
        -1.03706657e-003 5.51896542e-002 1.02610663e-001 1.33995682e-001
        1.46858960e-001 -1.34674966e-001 -1.22361369e-001
        -9.43515897e-002 -5.19281998e-002 -6.55248063e-004
        5.12190610e-002 9.50654820e-002 1.24404795e-001 1.37061819e-001
        -1.37987867e-001 -1.51324272e-001 -1.61767378e-001
        -1.68431520e-001 -1.71010450e-001 -1.69356853e-001
        -1.63439125e-001 -1.53365776e-001 -1.39878377e-001
        -1.15944885e-001 -1.28358945e-001 -1.38065293e-001
        -1.44290879e-001 -1.46809563e-001 -1.45498320e-001
        -1.40295789e-001 -1.31235033e-001 -1.18948892e-001
        -8.36030394e-002 -9.32800621e-002 -1.00870743e-001
        -1.05794795e-001 -1.07901476e-001 -1.07095659e-001
        -1.03304774e-001 -9.65185091e-002 -8.72046351e-002
        -4.32687290e-002 -4.86854576e-002 -5.29805720e-002
        -5.58377579e-002 -5.71769737e-002 -5.69403246e-002
        -5.50690852e-002 -5.15418611e-002 -4.66167368e-002
        1.20638369e-003 9.01576073e-004 5.81977540e-004 2.58206768e-004
        -5.96208665e-005 -3.60821519e-004 -6.20195060e-004
        -8.30473786e-004 -1.01436197e-003 4.54518981e-002
        5.03056832e-002 5.40214032e-002 5.63024133e-002 5.70876040e-002
        5.63354418e-002 5.40299788e-002 5.01576662e-002 4.49282266e-002
        8.49928930e-002 9.42184404e-002 1.01375848e-001 1.05901532e-001
        1.07664078e-001 1.06571391e-001 1.02574624e-001 9.56518501e-002
        8.62137228e-002 1.16401188e-001 1.28534168e-001 1.38009444e-001
        1.44067213e-001 1.46505073e-001 1.45187542e-001 1.40055954e-001
        1.31110609e-001 1.18914180e-001 1.37736887e-001 1.50978893e-001
        1.61390305e-001 1.68095708e-001 1.70819700e-001 1.69395626e-001
        1.63781241e-001 1.54037759e-001 1.40831634e-001 1.52855292e-001
        8.92389938e-002 3.59654613e-003 -7.30185136e-002
        -1.07661039e-001 -8.38930905e-002 -1.20313065e-002
        7.64378682e-002 1.47361368e-001 1.53759465e-001 8.25923234e-002
        -1.36573520e-002 -9.96543691e-002 -1.38018161e-001
        -1.10346392e-001 -2.86872983e-002 7.09408596e-002
        1.49677768e-001 1.52498752e-001 7.50829279e-002 -2.94660814e-002
        -1.22573718e-001 -1.63542494e-001 -1.32567197e-001
        -4.31176797e-002 6.52943775e-002 1.50271058e-001 1.50259897e-001
        6.86675906e-002 -4.10365947e-002 -1.38304040e-001
        -1.80491239e-001 -1.47074834e-001 -5.25326841e-002
        6.14322163e-002 1.50295332e-001 1.48374677e-001 6.51512071e-002
        -4.61971499e-002 -1.44451365e-001 -1.86428607e-001
        -1.51578799e-001 -5.49328439e-002 6.09804913e-002
        1.50954202e-001 1.47498652e-001 6.53705448e-002 -4.40130718e-002
        -1.40071303e-001 -1.80470675e-001 -1.45296916e-001
        -4.96426225e-002 6.45113960e-002 1.52712047e-001 1.47301614e-001
        6.88574016e-002 -3.51149440e-002 -1.25967577e-001
        -1.63568944e-001 -1.29255116e-001 -3.76600847e-002
        7.11554214e-002 1.54907912e-001 1.46707743e-001 7.40884319e-002
        -2.14447919e-002 -1.04431108e-001 -1.38224393e-001
        -1.05966173e-001 -2.13071909e-002 7.89512992e-002
        1.56072944e-001 1.44658521e-001 7.92728812e-002 -5.61427744e-003
        -7.87682533e-002 -1.08069576e-001 -7.88936764e-002
        -3.45436158e-003 8.58195201e-002 1.54889211e-001 1.71330646e-001
        1.74033135e-001 1.43272966e-001 8.04890841e-002 -2.69319979e-003
        -8.85807127e-002 -1.57849655e-001 -1.95307031e-001
        -1.96031317e-001 1.62475601e-001 1.66999131e-001 1.39283672e-001
        8.07949156e-002 2.72670388e-003 -7.81112835e-002
        -1.43354237e-001 -1.78389907e-001 -1.78270265e-001
        1.28953993e-001 1.34126037e-001 1.13767363e-001 6.89463168e-002
        8.39297660e-003 -5.47681041e-002 -1.06119044e-001
        -1.34040281e-001 -1.34375706e-001 7.31634349e-002
        7.75851160e-002 6.79214448e-002 4.45329174e-002 1.19592706e-002
        -2.27416661e-002 -5.16475886e-002 -6.81792870e-002
        -6.96966276e-002 3.45779723e-003 6.01627724e-003 8.60300846e-003
        1.07173976e-002 1.17656114e-002 1.14424843e-002 9.79729462e-003
        7.27448892e-003 4.58129216e-003 -6.88242018e-002
        -6.86319843e-002 -5.42026982e-002 -2.68903915e-002
        7.58161722e-003 4.15757075e-002 6.73151985e-002 7.91608170e-002
        7.58495629e-002 -1.31202608e-001 -1.33062899e-001
        -1.09020293e-001 -6.11031763e-002 7.99693866e-004
        6.30594045e-002 1.11530587e-001 1.35664508e-001 1.32574663e-001
        -1.73349649e-001 -1.76091745e-001 -1.45940185e-001
        -8.52514058e-002 -6.35228539e-003 7.34970868e-002
        1.36326537e-001 1.68704778e-001 1.66798085e-001 -1.90403104e-001
        -1.92344740e-001 -1.59966990e-001 -9.55497548e-002
        -1.18268337e-002 7.30756447e-002 1.40313983e-001 1.75938204e-001
        1.75993308e-001</data></Filter></_>
  <_><NumFilters>4</NumFilters>
    <HistBlockSize>23</HistBlockSize>
    <Filter type_id="opencv-matrix">
      <rows>4</rows>
      <cols>81</cols>
      <dt>f</dt>
      <data>
        1.32438198e-001 1.27540484e-001 9.80198979e-002 5.03506288e-002
        -2.52967374e-003 -5.33817858e-002 -9.84773338e-002
        -1.25286385e-001 -1.27698973e-001 1.41766325e-001
        1.36843011e-001 1.05468705e-001 5.42952381e-002 -3.01186438e-003
        -5.82135059e-002 -1.06605619e-001 -1.34976283e-001
        -1.37105629e-001 1.49313390e-001 1.44331872e-001 1.11440472e-001
        5.74473590e-002 -3.39271198e-003 -6.20394759e-002
        -1.13019101e-001 -1.42595962e-001 -1.44480094e-001
        1.54318526e-001 1.49253041e-001 1.15327381e-001 5.94724938e-002
        -3.65858874e-003 -6.45002201e-002 -1.17092602e-001
        -1.47384852e-001 -1.49066746e-001 1.56264439e-001
        1.51093602e-001 1.16713196e-001 6.01350814e-002 -3.81586747e-003
        -6.53762668e-002 -1.18432961e-001 -1.48862183e-001
        -1.50387675e-001 1.54935583e-001 1.49645939e-001 1.15439735e-001
        5.93577176e-002 -3.84872756e-003 -6.45638630e-002
        -1.16870157e-001 -1.46823898e-001 -1.48240060e-001
        1.50495082e-001 1.45070389e-001 1.11625865e-001 5.71827516e-002
        -3.81095847e-003 -6.22169822e-002 -1.12643182e-001
        -1.41559795e-001 -1.42919734e-001 1.43410221e-001
        1.37833431e-001 1.05646625e-001 5.38090058e-002 -3.73459980e-003
        -5.86024113e-002 -1.06203668e-001 -1.33619875e-001
