<?xml version="1.0"?>
<opencv_storage>
<Stages>
  <_><Type>Pca</Type>
    <PatchSize>7</PatchSize>
    <NumFilters>5</NumFilters>
    <Filter type_id="opencv-matrix">
      <rows>5</rows>
      <cols>49</cols>
      <dt>f</dt>
      <data>
        1.43035725e-001 1.43130794e-001 1.43069059e-001 1.42805621e-001
        1.42318606e-001 1.41602814e-001 1.40688047e-001 1.43479958e-001
        1.43610939e-001 1.43571734e-001 1.43315241e-001 1.42819360e-001
        1.42079487e-001 1.41126797e-001 1.43757910e-001 1.43911675e-001
        1.43886521e-001 1.43634409e-001 1.43133208e-001 1.42378122e-001
        1.41401783e-001 1.43846005e-001 1.44007429e-001 1.43986747e-001
        1.43735737e-001 1.43232018e-001 1.42471492e-001 1.41487256e-001
        1.43748194e-001 1.43901378e-001 1.43875137e-001 1.43621325e-001
        1.43118113e-001 1.42361552e-001 1.41384721e-001 1.43466681e-001
        1.43596187e-001 1.43554285e-001 1.43294051e-001 1.42794073e-001
        1.42050833e-001 1.41096249e-001 1.43022925e-001 1.43115222e-001
        1.43048927e-001 1.42779261e-001 1.42285153e-001 1.41563132e-001
        1.40644222e-001 -1.77981749e-001 -1.45295516e-001
        -8.26414451e-002 -3.72580471e-005 8.35504681e-002
        1.48448154e-001 1.82764128e-001 -1.91564456e-001
        -1.57250911e-001 -8.95437226e-002 3.02012631e-004
        9.11029428e-002 1.60952985e-001 1.96683004e-001 -2.00522810e-001
        -1.65127248e-001 -9.41556990e-002 3.29465489e-004
        9.56963748e-002 1.68654621e-001 2.05245137e-001 -2.03903332e-001
        -1.68062821e-001 -9.59308743e-002 1.19635995e-004
        9.69496146e-002 1.70838013e-001 2.07626089e-001 -2.01475412e-001
        -1.65836751e-001 -9.46758166e-002 -2.00961542e-004
        9.49255601e-002 1.67524725e-001 2.03808352e-001 -1.93344638e-001
        -1.58526957e-001 -9.04096663e-002 -5.30367775e-004
        8.98407474e-002 1.59014151e-001 1.94127604e-001 -1.80337548e-001
        -1.46864772e-001 -8.35520849e-002 -8.24114599e-004
        8.22176561e-002 1.46175280e-001 1.79555163e-001 -1.81199551e-001
        -2.00695902e-001 -2.13340342e-001 -2.17589691e-001
        -2.13238895e-001 -2.00545847e-001 -1.80992052e-001
        -1.36735782e-001 -1.53110459e-001 -1.63717747e-001
        -1.67375401e-001 -1.63993552e-001 -1.53749138e-001
        -1.37789667e-001 -7.37396553e-002 -8.32627341e-002
        -8.93684104e-002 -9.14253220e-002 -8.94964039e-002
        -8.37565064e-002 -7.48586655e-002 8.25577372e-005
        -1.90487510e-004 -1.38685660e-004 1.56724665e-004
        4.66084573e-004 5.73925674e-004 3.72853741e-004 7.32967779e-002
        8.23652297e-002 8.86899307e-002 9.14646834e-002 9.03043225e-002
        8.49418119e-002 7.58045539e-002 1.35148942e-001 1.51341110e-001
        1.62484139e-001 1.67195201e-001 1.64957896e-001 1.55496210e-001
        1.39681503e-001 1.78307235e-001 1.97948635e-001 2.11486503e-001
        2.17169970e-001 2.14366108e-001 2.02906221e-001 1.83958262e-001
        -1.96107060e-001 -6.13704883e-002 7.66759440e-002
        1.39193967e-001 8.62462446e-002 -4.89518195e-002
        -1.88231722e-001 -1.91765159e-001 -3.99475992e-002
        1.16672195e-001 1.87028006e-001 1.25215098e-001 -2.95955744e-002
        -1.86473235e-001 -1.85551897e-001 -2.20171791e-002
        1.46676987e-001 2.21654043e-001 1.53457180e-001 -1.46312043e-002
        -1.83404833e-001 -1.81486636e-001 -1.37680639e-002
        1.58551916e-001 2.34201059e-001 1.62918165e-001 -1.01912068e-002
        -1.82973832e-001 -1.81613848e-001 -1.80144124e-002
        1.49130642e-001 2.21473634e-001 1.50751337e-001 -1.85811240e-002
        -1.86936557e-001 -1.84416547e-001 -3.24556082e-002
        1.21362440e-001 1.86888918e-001 1.20385982e-001 -3.68143432e-002
        -1.93037003e-001 -1.86398894e-001 -5.14269546e-002
        8.29993710e-002 1.39240518e-001 8.00808594e-002 -5.84504344e-002
        -1.97039753e-001 -2.35566601e-001 -2.12947935e-001
        -1.26068547e-001 5.19480184e-003 1.39280573e-001 2.32519060e-001
        2.59737939e-001 -2.02342421e-001 -1.86797723e-001
        -1.15100786e-001 -4.23803553e-003 1.09860532e-001
        1.89329967e-001 2.11862594e-001 -1.20624520e-001
        -1.14398606e-001 -7.50484392e-002 -1.18864672e-002
        5.43949902e-002 1.01719595e-001 1.16333552e-001 -4.77012992e-003
        -8.33627488e-003 -1.15186628e-002 -1.31430794e-002
        -1.24696139e-002 -9.62770451e-003 -5.86034544e-003
        1.15644231e-001 1.03438683e-001 5.87009154e-002 -7.15628453e-003
        -7.20739886e-002 -1.14307754e-001 -1.22599483e-001
        2.09193394e-001 1.90380588e-001 1.15427017e-001 2.92878086e-003
        -1.09985851e-001 -1.86036468e-001 -2.05000058e-001
        2.55512178e-001 2.32233480e-001 1.44110456e-001 1.22633940e-002
        -1.20769173e-001 -2.12146848e-001 -2.38367856e-001</data></Filter></_>
  <_><Type>Learner</Type>
    <PatchSize>11</PatchSize>
    <NumFilters>6</NumFilters>
    <Filter type_id="opencv-matrix">
      <rows>6</rows>
      <cols>121</cols>
      <dt>f</dt>
      <data>
        1.38119709e+000 -2.11700964e+000 2.80263186e+000 2.15287733e+000
        -3.89310122e+000 -1.14804327e-001 3.27924514e+000
        4.63438177e+000 5.80967855e+000 -3.80075359e+000
        -3.42012215e+000 -1.67733324e+000 3.34759879e+000
        -7.81490684e-001 -2.49468565e+000 -4.11336517e+000
        1.63386059e+000 4.05346060e+000 -2.02773499e+000
        -7.31478930e+000 -3.80828834e+000 -1.67510962e+000
        7.43971729e+000 2.30014086e+000 -7.54096127e+000
        -1.10188217e+001 5.00000763e+000 7.51288366e+000
        -8.65878403e-001 -7.22402477e+000 -7.46817446e+000
        4.62126637e+000 7.21270037e+000 6.51935434e+000 -1.13771534e+001
        -9.78443623e+000 2.36297894e+000 1.10578966e+001 3.86592031e+000
        -3.12647486e+000 -9.18842697e+000 -6.50023222e+000
        1.76948655e+000 1.67286241e+000 -6.70516539e+000
        -7.47929811e+000 2.55163693e+000 6.97488117e+000
        -1.35033441e+000 -5.41337729e+000 -1.00447607e+001
        -5.35497904e+000 4.38388062e+000 3.40756273e+000 7.85972738e+000
        -9.26327610e+000 2.39886093e+000 2.03030348e+000 7.41221619e+000
        -9.79022324e-001 -6.48887920e+000 -4.67473364e+000
        -1.10415006e+000 1.98146641e+000 1.49016595e+000
        -3.61457968e+000 -5.24944687e+000 -9.48248005e+000
        -1.54013109e+000 1.52148366e-001 5.24826193e+000
        -5.47215343e-001 1.28794086e+000 8.33656430e-001
        -1.59291673e+000 -2.42569923e+000 -6.77806377e+000
        -1.80252552e+000 -6.51635742e+000 2.40815711e+000
        -2.33597565e+000 3.76498032e+000 -9.70921278e-001
        -5.39187956e+000 -7.34829235e+000 -7.78279424e-001
        3.30105931e-001 8.29979897e-001 -2.18888283e+000 2.80438018e+000
        3.83913422e+000 5.48623133e+000 -3.59654456e-001 3.21990609e-001
        -1.38445199e+000 5.02390432e+000 7.38861275e+000 2.99713707e+000
        2.46233869e+000 -2.75987434e+000 4.81920099e+000
        -2.59808898e+000 3.77636075e-001 -1.25064373e+001
        -7.99889946e+000 3.46338987e+000 7.23279524e+000
        -2.63916063e+000 -1.11067228e+001 -1.23076649e+001
        6.55373287e+000 -4.83048886e-001 1.38246715e+000
        -1.31060915e+001 -4.94205570e+000 5.71991777e+000
        5.94970036e+000 3.01695299e+000 -8.92329025e+000
        -6.22716951e+000 5.99893999e+000 8.80611324e+000 2.85946250e-001
        4.62077045e+000 2.11447477e+000 6.05317020e+000 6.86750412e+000
        -4.92632389e+000 -7.33082247e+000 -9.65335011e-001
        1.54330797e+001 1.74291935e+001 1.19629693e+000 6.37110233e+000
        -3.73144686e-001 5.36188984e+000 2.33643842e+000
        -2.87236524e+000 -1.54927981e+000 -1.08177671e+001
        8.75158668e-001 9.23964977e+000 1.91458631e+000 4.45469284e+000
        5.96022272e+000 -1.54338288e+000 -1.49037376e-001
        -2.19661021e+000 -4.58242130e+000 -1.37010467e+000
        7.47809362e+000 9.47925854e+000 1.36402524e+000 -3.38693476e+000
