<?xml version="1.0"?>
<opencv_storage>
<Stages>
  <_><Type>Pca</Type>
    <PatchSize>5</PatchSize>
    <NumFilters>5</NumFilters>
    <Filter type_id="opencv-matrix">
      <rows>5</rows>
      <cols>25</cols>
      <dt>f</dt>
      <data>
        2.00267211e-001 2.00542048e-001 2.00383738e-001 1.99717388e-001
        1.98578924e-001 2.00666308e-001 2.00986817e-001 2.00842887e-001
        2.00156331e-001 1.98966265e-001 2.00720713e-001 2.01054528e-001
        2.00912714e-001 2.00215966e-001 1.99005067e-001 2.00401738e-001
        2.00714156e-001 2.00561702e-001 1.99866712e-001 1.98669463e-001
        1.99745461e-001 2.00005859e-001 1.99832201e-001 1.99150234e-001
        1.97997585e-001 -2.59555966e-001 -1.56788766e-001
        -3.14227282e-003 1.51658505e-001 2.56561279e-001
        -2.77468592e-001 -1.67892843e-001 -1.46939233e-003
        1.66013986e-001 2.77384549e-001 -2.82829195e-001
        -1.70698762e-001 2.83710833e-004 1.72172308e-001 2.85631388e-001
        -2.74570435e-001 -1.64654598e-001 1.72838219e-003
        1.68815956e-001 2.79545695e-001 -2.54482508e-001
        -1.51047260e-001 2.62256432e-003 1.56752527e-001 2.60524660e-001
        -2.50534534e-001 -2.79619277e-001 -2.91879714e-001
        -2.83964574e-001 -2.57418424e-001 -1.42668948e-001
        -1.61206961e-001 -1.69539601e-001 -1.65383950e-001
        -1.49293110e-001 1.94675429e-003 1.02929596e-003
        -5.82927547e-004 -2.27641454e-003 -3.25750560e-003
        1.47571743e-001 1.64279148e-001 1.69451073e-001 1.62042841e-001
        1.44053623e-001 2.57061362e-001 2.84324676e-001 2.93568969e-001
        2.82671154e-001 2.54386842e-001 -2.57957101e-001 4.14585769e-002
        1.89704910e-001 5.03309816e-002 -2.48951823e-001
        -2.21971482e-001 1.20410725e-001 2.90204346e-001 1.27102479e-001
        -2.16769084e-001 -2.02938586e-001 1.54904962e-001
        3.31384599e-001 1.58179283e-001 -2.03207552e-001
        -2.15735167e-001 1.24269590e-001 2.90172786e-001 1.23613194e-001
        -2.21794635e-001 -2.47884452e-001 4.79185209e-002
        1.89599365e-001 4.41586077e-002 -2.57880419e-001
        -3.47937196e-001 -2.35877544e-001 -5.15299244e-003
        2.31945723e-001 3.55522841e-001 -2.18065843e-001
        -1.51488036e-001 -5.75587107e-003 1.46626323e-001
        2.25226372e-001 3.39379418e-003 -1.68323133e-003
        -4.58250009e-003 -2.28009047e-003 2.57268874e-003
        2.24995643e-001 1.48948222e-001 -2.09901854e-003
        -1.50122046e-001 -2.19821215e-001 3.53860527e-001
        2.34338194e-001 1.54830286e-005 -2.33211741e-001
        -3.49405468e-001</data></Filter></_>
  <_><Type>Gabor</Type>
    <Freq>1.7300000190734863e+000</Freq>
    <Invert>1.</Invert>
    <PatchSize>9</PatchSize>
    <NumFilters>5</NumFilters>
    <Filter type_id="opencv-matrix">
      <rows>5</rows>
      <cols>81</cols>
      <dt>f</dt>
      <data>
        5.51794887e-001 4.11328137e-001 1.72413260e-001 -5.58025911e-002
        -1.95281312e-001 -2.24421561e-001 -1.70933545e-001
        -8.45756307e-002 -8.92162137e-003 7.50892162e-001
        5.09225547e-001 1.37431979e-001 -2.06945866e-001
        -4.04547155e-001 -4.19514328e-001 -2.96662748e-001
        -1.21926658e-001 2.56032441e-002 8.36515069e-001 4.94476378e-001
        3.55033763e-003 -4.38208848e-001 -6.71311796e-001
        -6.43108845e-001 -4.15710300e-001 -1.17771290e-001
        1.25644192e-001 7.57892728e-001 3.53307813e-001 -1.98273942e-001
        -6.79908872e-001 -9.05625522e-001 -8.07605982e-001
        -4.59865183e-001 -2.96413265e-002 3.10692132e-001
        5.50482094e-001 1.47136390e-001 -3.80786359e-001
        -8.26169431e-001 -1. -8.26169431e-001 -3.80786359e-001
        1.47136390e-001 5.50482094e-001 3.10692132e-001 -2.96413265e-002
        -4.59865183e-001 -8.07605982e-001 -9.05625522e-001
        -6.79908872e-001 -1.98273942e-001 3.53307813e-001
        7.57892728e-001 1.25644192e-001 -1.17771290e-001
        -4.15710300e-001 -6.43108845e-001 -6.71311796e-001
        -4.38208848e-001 3.55033763e-003 4.94476378e-001 8.36515069e-001
        2.56032441e-002 -1.21926658e-001 -2.96662748e-001
        -4.19514328e-001 -4.04547155e-001 -2.06945866e-001
        1.37431979e-001 5.09225547e-001 7.50892162e-001 -8.92162137e-003
        -8.45756307e-002 -1.70933545e-001 -2.24421561e-001
        -1.95281312e-001 -5.58025911e-002 1.72413260e-001
        4.11328137e-001 5.51794887e-001 4.44752306e-001 7.33564973e-001
        9.11932886e-001 8.55352342e-001 6.00449920e-001 3.08429152e-001
        1.09343238e-001 2.17183009e-002 -1.17182941e-003 3.89153868e-001
        5.90347648e-001 6.64031506e-001 5.33904493e-001 2.75891155e-001
        4.94362786e-002 -5.46243377e-002 -6.05074093e-002
        -3.37016061e-002 2.05650106e-001 2.52100974e-001 1.69116288e-001
        -4.65488285e-002 -2.72252381e-001 -3.67219508e-001
        -3.08449090e-001 -1.83527425e-001 -8.06827024e-002
        1.72726996e-002 -8.47742707e-002 -3.13766360e-001
        -6.03436589e-001 -7.88743436e-001 -7.50292122e-001
        -5.33002436e-001 -2.85521388e-001 -1.15359768e-001
        -9.41514671e-002 -2.74177253e-001 -5.67460895e-001
        -8.68880153e-001 -1. -8.68880153e-001 -5.67460895e-001
        -2.74177253e-001 -9.41514671e-002 -1.15359768e-001
        -2.85521388e-001 -5.33002436e-001 -7.50292122e-001
        -7.88743436e-001 -6.03436589e-001 -3.13766360e-001
        -8.47742707e-002 1.72726996e-002 -8.06827024e-002
        -1.83527425e-001 -3.08449090e-001 -3.67219508e-001
        -2.72252381e-001 -4.65488285e-002 1.69116288e-001
        2.52100974e-001 2.05650106e-001 -3.37016061e-002
        -6.05074093e-002 -5.46243377e-002 4.94362786e-002
        2.75891155e-001 5.33904493e-001 6.64031506e-001 5.90347648e-001
        3.89153868e-001 -1.17182941e-003 2.17183009e-002 1.09343238e-001
        3.08429152e-001 6.00449920e-001 8.55352342e-001 9.11932886e-001
        7.33564973e-001 4.44752306e-001 -1.61192345e-003 3.91610106e-003
        4.90660928e-002 2.03514561e-001 5.02872050e-001 8.16351712e-001
        8.91510010e-001 6.46948755e-001 2.91956216e-001 -1.26991896e-002
        -3.32064405e-002 -3.89191732e-002 5.62579781e-002
        3.31931055e-001 6.89760447e-001 8.59532177e-001 7.04908848e-001
        3.88955295e-001 -3.32757384e-002 -1.06935047e-001
        -2.27816492e-001 -2.99163461e-001 -1.70789704e-001
        1.46087870e-001 4.09366131e-001 4.26387161e-001 2.67989844e-001
        -4.84288000e-002 -1.77012935e-001 -4.27102327e-001
        -6.93469167e-001 -7.45437503e-001 -4.91429120e-001
        -1.36150092e-001 6.86780959e-002 9.20427740e-002
        -1.97044145e-002 -1.47186279e-001 -4.44888979e-001
        -8.20330858e-001 -1. -8.20330858e-001 -4.44888979e-001
        -1.47186279e-001 -1.97044145e-002 9.20427740e-002
        6.86780959e-002 -1.36150092e-001 -4.91429120e-001
        -7.45437503e-001 -6.93469167e-001 -4.27102327e-001
        -1.77012935e-001 -4.84288000e-002 2.67989844e-001
        4.26387161e-001 4.09366131e-001 1.46087870e-001 -1.70789704e-001
        -2.99163461e-001 -2.27816492e-001 -1.06935047e-001
        -3.32757384e-002 3.88955295e-001 7.04908848e-001 8.59532177e-001
        6.89760447e-001 3.31931055e-001 5.62579781e-002 -3.89191732e-002
        -3.32064405e-002 -1.26991896e-002 2.91956216e-001
        6.46948755e-001 8.91510010e-001 8.16351712e-001 5.02872050e-001
        2.03514561e-001 4.90660928e-002 3.91610106e-003 -1.61192345e-003
        4.10234369e-003 9.36551427e-004 -9.64086968e-003
        -2.28708368e-002 -2.27488521e-002 8.21741112e-003
        6.50662258e-002 1.03375316e-001 6.10606000e-002 3.03935166e-002
        1.63593460e-002 -3.79473381e-002 -1.07458815e-001
        -1.21142045e-001 -1.30639672e-002 1.90551996e-001
        3.37845474e-001 2.49768496e-001 1.40173823e-001 1.02831222e-001
        -7.98862949e-002 -3.16347748e-001 -3.93143356e-001
        -1.46604985e-001 3.33221227e-001 6.92983329e-001 5.86713374e-001
        4.05232459e-001 3.51634175e-001 -5.30122034e-002
