<?xml version="1.0"?>
<opencv_storage>
<Stages>
  <_><Type>Learner</Type>
    <PatchSize>13</PatchSize>
    <NumFilters>5</NumFilters>
    <Filter type_id="opencv-matrix">
      <rows>5</rows>
      <cols>169</cols>
      <dt>f</dt>
      <data>
        6.18103695e+000 5.79030085e+000 4.72618437e+000 3.12592053e+000
        2.39035702e+000 1.68607068e+000 -2.56742120e-001 3.44827324e-001
        -1.18432736e+000 -1.38296831e+000 -2.29011321e+000
        -3.78297400e+000 -3.64678693e+000 4.79490376e+000
        5.22210312e+000 3.69441581e+000 2.29566741e+000 2.24760842e+000
        7.31601939e-002 -1.62808347e+000 -2.13496852e+000
        -2.09414482e+000 -4.28746843e+000 -5.41005087e+000
        -6.83104753e+000 -5.09593821e+000 7.87250328e+000
        6.94250441e+000 6.25955629e+000 4.95887852e+000 3.09919429e+000
        2.68232536e+000 -1.80496082e-001 -2.52905059e+000
        -1.90814686e+000 -2.95634961e+000 -5.40258932e+000
        -7.22602129e+000 -7.14268351e+000 8.31681347e+000
        7.16503143e+000 5.80872631e+000 5.33308029e+000 1.65507483e+000
        1.30961251e+000 -1.39803898e+000 -2.00923514e+000
        -3.44062996e+000 -5.72384214e+000 -7.48982716e+000
        -8.99497223e+000 -8.90903854e+000 2.29631948e+000
        1.98723698e+000 1.38910845e-001 -7.59361982e-001
        -8.25856924e-001 -3.85921741e+000 -6.54241991e+000
        -7.09860468e+000 -7.86470222e+000 -8.98508167e+000
        -1.33769369e+001 -1.40122766e+001 -1.33096228e+001
        3.83641815e+000 4.20979977e+000 1.75734973e+000 9.35466051e-001
        -5.94571114e-001 -1.57730150e+000 -3.56238580e+000
        -5.40735388e+000 -4.84673595e+000 -6.83624172e+000
        -9.97668457e+000 -1.15976801e+001 -9.54309940e+000
        3.03653193e+000 3.47747064e+000 1.69282269e+000 2.81876326e+000
        2.06335402e+000 -8.79614115e-001 -1.31066704e+000
        -3.34751248e+000 -3.35200453e+000 -4.73339319e+000
        -7.61072350e+000 -8.10272026e+000 -7.17758846e+000
        3.82005310e+000 2.62351537e+000 3.38887501e+000 1.78294611e+000
        4.26894665e-001 8.09033453e-001 -1.85612464e+000
        -4.33811456e-001 -9.47076023e-001 -2.21674871e+000
        -3.24655890e+000 -4.62682772e+000 -3.97853255e+000
        2.66888237e+000 4.04235315e+000 3.73836517e+000 2.88033462e+000
        2.32071686e+000 2.79627538e+000 1.51995003e+000 5.11618555e-001
        8.48418474e-001 1.74063396e+000 2.78126001e-001 1.00251190e-001
        -5.57764294e-003 3.50472498e+000 4.59991503e+000 4.66453791e+000
        4.80931473e+000 3.28936458e+000 4.39347649e+000 4.39495134e+000
        4.27944136e+000 5.26669025e+000 6.84166956e+000 5.34396219e+000
        5.02564335e+000 4.11095524e+000 4.47532511e+000 3.94115543e+000
        4.68397427e+000 3.99830437e+000 5.32411671e+000 5.85987329e+000
        5.68552160e+000 8.32659149e+000 8.35433674e+000 8.83014965e+000
        8.20135498e+000 9.07914352e+000 9.90775776e+000 4.39845324e-001
        1.64706230e-001 1.33633065e+000 2.65095949e+000 4.12153292e+000
        4.39891338e+000 6.17235470e+000 7.39862204e+000 1.03510618e+001
        1.02255583e+001 8.71429253e+000 8.81732178e+000 1.08301964e+001
        -1.64777672e+000 -1.61125135e+000 -5.41124225e-001
        9.36603665e-001 3.04346156e+000 4.47866774e+000 4.61232376e+000
        7.59650707e+000 1.02964211e+001 1.21589108e+001 1.07841225e+001
        1.15159016e+001 1.23272104e+001 3.74365831e-003 1.41639483e+000
        2.54626727e+000 4.09539270e+000 6.01377106e+000 6.87582254e+000
        8.57540417e+000 1.06318922e+001 1.35678940e+001 1.41427116e+001
        1.56644974e+001 1.55945206e+001 1.67659836e+001 -3.62844110e+000
        -1.99255323e+000 -1.89636552e+000 5.16385257e-001
        1.89563155e+000 3.96357965e+000 4.93167973e+000 8.92736912e+000
        1.21684179e+001 1.38770199e+001 1.20560808e+001 1.33550539e+001
        1.52159882e+001 -8.31870079e+000 -6.24637985e+000
        -6.39626217e+000 -3.97470808e+000 -2.58749294e+000
        3.31941813e-001 4.90033776e-002 3.67229366e+000 6.08210516e+000
        7.01227665e+000 7.08752346e+000 7.67949104e+000 9.36790657e+000
        -1.28576059e+001 -1.25020218e+001 -1.22327662e+001
        -9.24380302e+000 -7.55086708e+000 -5.29546499e+000
        -4.73673201e+000 -3.26087642e+000 4.02349681e-001
        2.60732919e-001 -2.50810981e-001 1.29372418e+000 3.45790005e+000
        -1.44419184e+001 -1.38257656e+001 -1.34405222e+001
        -1.25978279e+001 -1.08951836e+001 -9.37246704e+000
        -9.07423019e+000 -6.30933666e+000 -4.57726669e+000
        -2.97146153e+000 -3.91882873e+000 -3.45482421e+000
        -1.78515756e+000 -1.72332592e+001 -1.83911095e+001
        -1.67157803e+001 -1.63862495e+001 -1.45177717e+001
        -1.25418339e+001 -1.26576881e+001 -1.13027744e+001
        -8.55044079e+000 -7.08844185e+000 -9.31064701e+000
        -7.33166790e+000 -4.97985172e+000 -1.57033682e+001
        -1.64723473e+001 -1.65483341e+001 -1.56317797e+001
        -1.29860411e+001 -1.26614485e+001 -1.22610722e+001
        -1.05072908e+001 -8.78927231e+000 -9.21517658e+000
        -9.01929951e+000 -8.81306648e+000 -5.72040224e+000
        -1.05259686e+001 -1.13480949e+001 -1.07984581e+001
        -9.31439018e+000 -8.66368771e+000 -7.09687471e+000
        -8.64149857e+000 -6.35991430e+000 -6.90592575e+000
        -5.76807165e+000 -5.26282644e+000 -5.33287716e+000
        -2.07695436e+000 -8.59581661e+000 -8.69098186e+000
        -8.07007980e+000 -7.69520092e+000 -6.14967299e+000
        -6.21499586e+000 -7.14458752e+000 -5.53767633e+000
        -4.51539898e+000 -5.00810242e+000 -5.64121819e+000
        -3.56469250e+000 -1.04464948e+000 -2.17885041e+000
        -2.47888613e+000 -3.09042239e+000 -1.02871692e+000
        -7.77944550e-002 -9.50238407e-001 -8.92127991e-001
        -5.84721029e-001 -7.37137616e-001 -3.51430289e-002
        6.62211120e-001 8.67650449e-001 2.39762950e+000 7.07326221e+000
        5.67287827e+000 6.33587122e+000 5.44457674e+000 5.75408268e+000
        7.75003672e+000 6.16978836e+000 7.21439266e+000 6.48896599e+000
        8.30710697e+000 7.36652136e+000 8.48025990e+000 8.97378635e+000
        1.10994415e+001 9.67965221e+000 9.97466564e+000 1.02150631e+001
        1.05386972e+001 1.14974613e+001 8.01243401e+000 9.19173241e+000
        9.59622860e+000 9.32131386e+000 7.81083393e+000 7.99542665e+000
        9.78097153e+000 1.41222973e+001 1.28963032e+001 1.21338720e+001
        1.18428030e+001 1.16282673e+001 1.15314407e+001 9.95437527e+000
        8.87125587e+000 8.00125980e+000 7.99475718e+000 6.93990707e+000
        8.57750702e+000 1.00286446e+001 1.50212164e+001 1.49511356e+001
        1.25243368e+001 1.40407238e+001 1.34809132e+001 1.12408934e+001
        1.03570147e+001 9.52910900e+000 8.96184444e+000 8.57593632e+000
        6.11078882e+000 6.84165716e+000 8.78529072e+000 1.15974464e+001
        1.12217655e+001 1.21991291e+001 1.00850401e+001 1.13513985e+001
        1.02091017e+001 6.95962620e+000 5.75659704e+000 4.82467794e+000
        5.25339699e+000 2.50590587e+000 4.28943205e+000 5.00305367e+000
        5.98209143e+000 5.38220787e+000 5.07386303e+000 6.08064032e+000
        3.69781256e+000 2.56132340e+000 6.20170891e-001 4.49215800e-001
        -1.81028295e+000 -1.60214221e+000 -3.64769363e+000
        -3.20954084e+000 -1.77401972e+000 3.56478763e+000
        3.82720208e+000 2.98539805e+000 2.30479813e+000 1.32092142e+000
        -1.53058529e+000 -3.69500780e+000 -3.78617835e+000
        -6.76003742e+000 -5.72173834e+000 -7.84286737e+000
        -8.04537868e+000 -6.57408524e+000 1.24604750e+000
        -3.85123998e-001 -2.88517475e-001 -1.78592587e+000
        -3.43510914e+000 -3.96205211e+000 -6.64481544e+000
        -8.18168259e+000 -8.89756298e+000 -1.07395821e+001
        -1.13124943e+001 -1.25333214e+001 -1.00760899e+001
        -1.57634330e+000 -1.33301020e+000 -3.52341080e+000
        -4.55493784e+000 -4.62857437e+000 -7.65290880e+000
        -9.15205383e+000 -9.94155884e+000 -1.19450836e+001
