<?xml version="1.0"?>
<opencv_storage>
<Stages>
  <_><Type>Learner</Type>
    <PatchSize>13</PatchSize>
    <NumFilters>5</NumFilters>
    <Filter type_id="opencv-matrix">
      <rows>5</rows>
      <cols>169</cols>
      <dt>f</dt>
      <data>
        -1.00687847e+001 -1.02490826e+001 -1.03983431e+001
        -1.12192488e+001 -1.09897432e+001 -1.06612301e+001
        -9.84007359e+000 -8.98060322e+000 -9.84013081e+000
        -9.03041458e+000 -7.53056335e+000 -7.66558838e+000
        -8.34624767e+000 -1.18481035e+001 -1.09105778e+001
        -1.15598888e+001 -1.19020967e+001 -1.06781015e+001
        -1.13983345e+001 -1.00800200e+001 -1.00235081e+001
        -9.08381844e+000 -9.71482849e+000 -8.20567703e+000
        -7.96692944e+000 -6.99235153e+000 -1.26027966e+001
        -1.29103041e+001 -1.23917522e+001 -1.25272675e+001
        -1.24905987e+001 -1.11834984e+001 -1.05674067e+001
        -1.18015976e+001 -9.87624741e+000 -9.11113358e+000
        -8.83422852e+000 -9.10384655e+000 -9.77850342e+000
        -1.09537106e+001 -1.16016054e+001 -1.16841640e+001
        -1.09124956e+001 -1.22052078e+001 -1.07403421e+001
        -9.81607437e+000 -9.43034458e+000 -9.16163349e+000
        -9.31101131e+000 -8.07203770e+000 -8.07711411e+000
        -8.80410576e+000 -1.06876869e+001 -1.06300125e+001
        -1.10503731e+001 -1.09893541e+001 -8.79841709e+000
        -1.00710707e+001 -9.15087414e+000 -8.48498917e+000
        -7.65422344e+000 -6.41346884e+000 -7.40281296e+000
        -6.82995605e+000 -7.04075098e+000 -9.38654613e+000
        -8.64431953e+000 -9.67368031e+000 -9.93591785e+000
        -9.76885891e+000 -9.35361099e+000 -7.69134951e+000
        -8.56907749e+000 -6.32560825e+000 -6.14212704e+000
        -5.96380377e+000 -6.24359894e+000 -5.11086321e+000
        -9.21030140e+000 -8.40631485e+000 -9.15774059e+000
        -7.78097820e+000 -6.96343517e+000 -8.74191189e+000
        -6.11540127e+000 -7.51971960e+000 -6.34630251e+000
        -6.10445166e+000 -6.19168520e+000 -5.54393530e+000
        -5.45617008e+000 -6.53026867e+000 -7.51582241e+000
        -6.25855494e+000 -7.48869371e+000 -7.44065380e+000
        -6.01806784e+000 -6.28251076e+000 -4.59725285e+000
        -4.62310553e+000 -4.83477068e+000 -3.43480325e+000
        -3.62605429e+000 -3.83179283e+000 -8.02009201e+000
        -6.63881683e+000 -6.87976694e+000 -7.58438206e+000
        -7.28826618e+000 -5.94841385e+000 -5.33970833e+000
        -6.73137140e+000 -6.75015116e+000 -5.27618217e+000
        -4.69606638e+000 -3.72194719e+000 -4.54273701e+000
        -5.00922871e+000 -4.05899572e+000 -4.10518742e+000
        -4.11254311e+000 -5.24596739e+000 -4.00400496e+000
        -2.46569753e+000 -3.82078934e+000 -3.55206013e+000
        -1.81986260e+000 -1.69605863e+000 -1.03887713e+000
        -2.92123103e+000 -1.99697161e+000 -2.57959461e+000
        -1.99494886e+000 -3.23235416e+000 -2.28486347e+000
        -2.36149907e+000 -1.43381512e+000 -3.94424409e-001
        -1.37655175e+000 -1.22958469e+000 -2.76256293e-001
        1.21422172e+000 1.02661300e+000 -2.11644340e+000
        -2.76405668e+000 -1.95892441e+000 -1.62783778e+000
        -1.01170695e+000 -1.75543439e+000 6.28152788e-001
        -4.03504938e-001 1.05165493e+000 5.01230896e-001 3.10002416e-001
        9.17723596e-001 1.83877110e+000 1.33096322e-001 -4.85017836e-001
        -1.06306069e-001 2.71588594e-001 1.10840857e+000 9.84304905e-001
        1.44691551e+000 1.66419780e+000 2.52866673e+000 3.29345417e+000
        2.73476171e+000 3.67075443e+000 3.37196064e+000 4.61614802e-002
        6.46051586e-001 5.98604679e-001 1.04527283e+000 1.47658336e+000
        6.30109787e-001 2.49389362e+000 1.36547458e+000 2.20455909e+000
        1.50994527e+000 3.75524855e+000 4.12007809e+000 3.75784111e+000
        1.57429647e+000 2.24492979e+000 1.03268957e+000 1.98048162e+000
        1.15292370e+000 1.14708424e+000 2.33840346e+000 3.42405677e+000
        4.45889044e+000 4.89258623e+000 3.96669888e+000 5.78918648e+000
        5.64989948e+000 3.52708769e+000 4.62276316e+000 3.01163006e+000
        4.07420158e+000 3.27915001e+000 4.60940361e+000 4.72317553e+000
        5.65531635e+000 6.19493723e+000 5.57809019e+000 6.76023912e+000
        7.51998901e+000 7.34844828e+000 2.85407257e+000 2.67073727e+000
        1.81457186e+000 3.13689327e+000 2.99125886e+000 3.90392494e+000
        4.72612619e+000 3.95112085e+000 5.79109955e+000 4.66150045e+000
        5.26074457e+000 6.92454815e+000 7.22792435e+000 5.04589081e+000
        5.31778336e+000 4.73168993e+000 4.52085257e+000 4.56518412e+000
        5.25067616e+000 6.26208162e+000 6.98609161e+000 7.19794464e+000
        8.13072109e+000 8.08756256e+000 8.62765980e+000 8.29046917e+000
        4.04508257e+000 2.95155072e+000 3.88347125e+000 3.30899119e+000
        3.67895818e+000 5.01692915e+000 5.74525547e+000 5.57750940e+000
        6.89777422e+000 7.83614302e+000 6.71494198e+000 8.45594501e+000
        8.64402390e+000 6.16820049e+000 5.54577971e+000 4.90422297e+000
        4.73105812e+000 6.10800409e+000 5.71282911e+000 7.45263720e+000
        7.66025448e+000 8.98356915e+000 8.19142532e+000 9.34089851e+000
        9.04900265e+000 1.00890112e+001 5.01597500e+000 4.29491568e+000
        4.47197151e+000 5.50015688e+000 5.21993256e+000 6.18679094e+000
        6.02238178e+000 7.19023561e+000 6.59641218e+000 7.36062050e+000
        8.80510139e+000 8.21877098e+000 9.48940277e+000 4.70784235e+000
        4.75043249e+000 5.17548752e+000 5.31769085e+000 5.96926308e+000
        5.40172958e+000 6.11624765e+000 6.62251329e+000 7.86483335e+000
        7.08099222e+000 7.40612793e+000 8.88695431e+000 9.33759785e+000
        2.89180827e+000 2.90575385e+000 2.28114510e+000 4.19068766e+000
        4.58635521e+000 3.29495764e+000 4.93420267e+000 4.41074324e+000
        4.66640997e+000 5.47299385e+000 7.26786137e+000 7.04489660e+000
        6.62550402e+000 4.72732449e+000 3.92819214e+000 5.17466450e+000
        4.36264801e+000 4.35245275e+000 6.11466026e+000 6.56280470e+000
        6.66954470e+000 6.50612831e+000 8.37191963e+000 8.56975651e+000
        9.36258507e+000 8.22542953e+000 3.11946678e+000 2.50208926e+000
        3.31481862e+000 3.89359426e+000 4.09220076e+000 5.15214157e+000
        4.05950689e+000 5.01690817e+000 6.43363237e+000 6.83081770e+000
        6.72516775e+000 6.48595285e+000 6.45364571e+000 5.49238253e+000
        5.03330564e+000 5.14046478e+000 5.40123653e+000 5.50124741e+000
        6.13137245e+000 7.46924114e+000 6.84756422e+000 7.73727179e+000
        8.64788818e+000 9.47864723e+000 1.04845772e+001 1.00704756e+001
        2.65696478e+000 3.42207766e+000 1.76011527e+000 3.38949013e+000
        3.39553356e+000 1.93803144e+000 3.80238748e+000 3.76318693e+000
        4.85631466e+000 5.70509386e+000 5.29878235e+000 5.71185398e+000
        5.94390202e+000 2.19494057e+000 2.60342574e+000 4.12592459e+000
        2.49792671e+000 4.47367239e+000 4.43326330e+000 4.01430798e+000
        3.76416111e+000 4.44753218e+000 6.17897654e+000 5.56272602e+000
        7.19305611e+000 6.28728390e+000 3.57359076e+000 3.58568287e+000
        3.97504759e+000 5.57442379e+000 4.10085487e+000 4.49645185e+000
        5.69577217e+000 6.52050734e+000 6.11551952e+000 7.36204529e+000
        7.43888521e+000 7.67242289e+000 7.72060442e+000 5.71315956e+000
        6.43387842e+000 6.52557945e+000 6.73644829e+000 7.15400076e+000
        5.87443399e+000 7.10881472e+000 7.89533901e+000 7.14399767e+000
        9.18253994e+000 9.16565990e+000 9.06015015e+000 9.14039898e+000
        6.17056990e+000 5.00233555e+000 6.47715950e+000 6.31027317e+000
        5.91508341e+000 7.06579304e+000 7.91676950e+000 7.41701078e+000
        9.11371040e+000 8.28014278e+000 1.02515335e+001 8.91350937e+000
        1.01657715e+001 6.74037886e+000 7.55413246e+000 7.10298204e+000
        7.75795031e+000 8.73955345e+000 7.60617733e+000 9.62571144e+000
        9.71281147e+000 1.00396109e+001 9.09415054e+000 9.90740299e+000
