<?xml version="1.0"?>
<opencv_storage>
<Stages>
  <_><Type>Pca</Type>
    <PatchSize>5</PatchSize>
    <NumFilters>5</NumFilters>
    <Filter type_id="opencv-matrix">
      <rows>5</rows>
      <cols>25</cols>
      <dt>f</dt>
      <data>
        2.00266913e-001 2.00487062e-001 2.00282469e-001 1.99582025e-001
        1.98421255e-001 2.00711429e-001 2.00978458e-001 2.00789824e-001
        2.00070828e-001 1.98860556e-001 2.00809225e-001 2.01091319e-001
        2.00906336e-001 2.00178906e-001 1.98949710e-001 2.00528845e-001
        2.00790763e-001 2.00595796e-001 1.99871108e-001 1.98656544e-001
        1.99904874e-001 2.00115219e-001 1.99898884e-001 1.99187368e-001
        1.98017865e-001 -2.56964445e-001 -1.54756203e-001
        -1.02765090e-003 1.53988779e-001 2.58584499e-001
        -2.75988251e-001 -1.66963756e-001 -3.75320058e-004
        1.67391717e-001 2.78456718e-001 -2.82744586e-001
        -1.71100989e-001 1.35474125e-004 1.72374547e-001 2.85560995e-001
        -2.75684267e-001 -1.66153565e-001 5.36434993e-004
        1.67933419e-001 2.78366327e-001 -2.56362200e-001
        -1.53197020e-001 7.64088647e-004 1.55098513e-001 2.58481264e-001
        -2.53048122e-001 -2.81352282e-001 -2.92329282e-001
        -2.83210337e-001 -2.56101131e-001 -1.44370764e-001
        -1.62275076e-001 -1.69348270e-001 -1.63997009e-001
        -1.47427782e-001 4.34754766e-004 2.33738625e-004
        -1.96072651e-005 -4.44746780e-004 -1.00062671e-003
        1.45484522e-001 1.63059950e-001 1.69732839e-001 1.63669437e-001
        1.46154389e-001 2.54278123e-001 2.82427967e-001 2.93153256e-001
        2.83644885e-001 2.56008655e-001 -2.60170043e-001 4.04606126e-002
        1.91679478e-001 5.40867932e-002 -2.44262442e-001
        -2.24789456e-001 1.18282370e-001 2.90273875e-001 1.28123119e-001
        -2.15007797e-001 -2.04716057e-001 1.53315574e-001
        3.30531925e-001 1.56743363e-001 -2.04403222e-001
        -2.14596048e-001 1.25006035e-001 2.89952099e-001 1.21245861e-001
        -2.24504903e-001 -2.43415892e-001 5.15682548e-002
        1.91110820e-001 4.24677469e-002 -2.60412514e-001
        -3.41958642e-001 -2.32802361e-001 -3.23913409e-003
        2.35123992e-001 3.60604376e-001 -2.18550965e-001
        -1.54667646e-001 -1.00283418e-002 1.44000724e-001
        2.25457937e-001 9.56986158e-004 -6.74843974e-003
        -1.08128907e-002 -7.21752178e-003 4.33005625e-004
        2.25374579e-001 1.47143498e-001 -5.09855850e-003
        -1.52308702e-001 -2.19715863e-001 3.58500957e-001
        2.37445548e-001 2.16427213e-003 -2.30038911e-001
        -3.43798548e-001</data></Filter></_>
  <_><Type>Gabor</Type>
    <Freq>1.7300000190734863e+000</Freq>
    <Invert>1.</Invert>
    <PatchSize>9</PatchSize>
    <NumFilters>5</NumFilters>
    <Filter type_id="opencv-matrix">
      <rows>5</rows>
      <cols>81</cols>
      <dt>f</dt>
      <data>
        5.51794887e-001 4.11328137e-001 1.72413260e-001 -5.58025911e-002
        -1.95281312e-001 -2.24421561e-001 -1.70933545e-001
        -8.45756307e-002 -8.92162137e-003 7.50892162e-001
        5.09225547e-001 1.37431979e-001 -2.06945866e-001
        -4.04547155e-001 -4.19514328e-001 -2.96662748e-001
        -1.21926658e-001 2.56032441e-002 8.36515069e-001 4.94476378e-001
        3.55033763e-003 -4.38208848e-001 -6.71311796e-001
        -6.43108845e-001 -4.15710300e-001 -1.17771290e-001
        1.25644192e-001 7.57892728e-001 3.53307813e-001 -1.98273942e-001
        -6.79908872e-001 -9.05625522e-001 -8.07605982e-001
        -4.59865183e-001 -2.96413265e-002 3.10692132e-001
        5.50482094e-001 1.47136390e-001 -3.80786359e-001
        -8.26169431e-001 -1. -8.26169431e-001 -3.80786359e-001
        1.47136390e-001 5.50482094e-001 3.10692132e-001 -2.96413265e-002
        -4.59865183e-001 -8.07605982e-001 -9.05625522e-001
        -6.79908872e-001 -1.98273942e-001 3.53307813e-001
        7.57892728e-001 1.25644192e-001 -1.17771290e-001
        -4.15710300e-001 -6.43108845e-001 -6.71311796e-001
        -4.38208848e-001 3.55033763e-003 4.94476378e-001 8.36515069e-001
        2.56032441e-002 -1.21926658e-001 -2.96662748e-001
        -4.19514328e-001 -4.04547155e-001 -2.06945866e-001
        1.37431979e-001 5.09225547e-001 7.50892162e-001 -8.92162137e-003
        -8.45756307e-002 -1.70933545e-001 -2.24421561e-001
        -1.95281312e-001 -5.58025911e-002 1.72413260e-001
        4.11328137e-001 5.51794887e-001 4.44752306e-001 7.33564973e-001
        9.11932886e-001 8.55352342e-001 6.00449920e-001 3.08429152e-001
        1.09343238e-001 2.17183009e-002 -1.17182941e-003 3.89153868e-001
        5.90347648e-001 6.64031506e-001 5.33904493e-001 2.75891155e-001
        4.94362786e-002 -5.46243377e-002 -6.05074093e-002
        -3.37016061e-002 2.05650106e-001 2.52100974e-001 1.69116288e-001
        -4.65488285e-002 -2.72252381e-001 -3.67219508e-001
        -3.08449090e-001 -1.83527425e-001 -8.06827024e-002
        1.72726996e-002 -8.47742707e-002 -3.13766360e-001
        -6.03436589e-001 -7.88743436e-001 -7.50292122e-001
        -5.33002436e-001 -2.85521388e-001 -1.15359768e-001
        -9.41514671e-002 -2.74177253e-001 -5.67460895e-001
        -8.68880153e-001 -1. -8.68880153e-001 -5.67460895e-001
        -2.74177253e-001 -9.41514671e-002 -1.15359768e-001
        -2.85521388e-001 -5.33002436e-001 -7.50292122e-001
        -7.88743436e-001 -6.03436589e-001 -3.13766360e-001
        -8.47742707e-002 1.72726996e-002 -8.06827024e-002
        -1.83527425e-001 -3.08449090e-001 -3.67219508e-001
        -2.72252381e-001 -4.65488285e-002 1.69116288e-001
        2.52100974e-001 2.05650106e-001 -3.37016061e-002
        -6.05074093e-002 -5.46243377e-002 4.94362786e-002
        2.75891155e-001 5.33904493e-001 6.64031506e-001 5.90347648e-001
        3.89153868e-001 -1.17182941e-003 2.17183009e-002 1.09343238e-001
        3.08429152e-001 6.00449920e-001 8.55352342e-001 9.11932886e-001
        7.33564973e-001 4.44752306e-001 -1.61192345e-003 3.91610106e-003
        4.90660928e-002 2.03514561e-001 5.02872050e-001 8.16351712e-001
        8.91510010e-001 6.46948755e-001 2.91956216e-001 -1.26991896e-002
        -3.32064405e-002 -3.89191732e-002 5.62579781e-002
        3.31931055e-001 6.89760447e-001 8.59532177e-001 7.04908848e-001
        3.88955295e-001 -3.32757384e-002 -1.06935047e-001
        -2.27816492e-001 -2.99163461e-001 -1.70789704e-001
        1.46087870e-001 4.09366131e-001 4.26387161e-001 2.67989844e-001
        -4.84288000e-002 -1.77012935e-001 -4.27102327e-001
        -6.93469167e-001 -7.45437503e-001 -4.91429120e-001
        -1.36150092e-001 6.86780959e-002 9.20427740e-002
        -1.97044145e-002 -1.47186279e-001 -4.44888979e-001
        -8.20330858e-001 -1. -8.20330858e-001 -4.44888979e-001
        -1.47186279e-001 -1.97044145e-002 9.20427740e-002
        6.86780959e-002 -1.36150092e-001 -4.91429120e-001
        -7.45437503e-001 -6.93469167e-001 -4.27102327e-001
        -1.77012935e-001 -4.84288000e-002 2.67989844e-001
        4.26387161e-001 4.09366131e-001 1.46087870e-001 -1.70789704e-001
        -2.99163461e-001 -2.27816492e-001 -1.06935047e-001
        -3.32757384e-002 3.88955295e-001 7.04908848e-001 8.59532177e-001
        6.89760447e-001 3.31931055e-001 5.62579781e-002 -3.89191732e-002
        -3.32064405e-002 -1.26991896e-002 2.91956216e-001
        6.46948755e-001 8.91510010e-001 8.16351712e-001 5.02872050e-001
        2.03514561e-001 4.90660928e-002 3.91610106e-003 -1.61192345e-003
        4.10234369e-003 9.36551427e-004 -9.64086968e-003
        -2.28708368e-002 -2.27488521e-002 8.21741112e-003
        6.50662258e-002 1.03375316e-001 6.10606000e-002 3.03935166e-002
        1.63593460e-002 -3.79473381e-002 -1.07458815e-001
        -1.21142045e-001 -1.30639672e-002 1.90551996e-001
        3.37845474e-001 2.49768496e-001 1.40173823e-001 1.02831222e-001
        -7.98862949e-002 -3.16347748e-001 -3.93143356e-001
        -1.46604985e-001 3.33221227e-001 6.92983329e-001 5.86713374e-001
        4.05232459e-001 3.51634175e-001 -5.30122034e-002
