<?xml version="1.0"?>
<opencv_storage>
<Stages>
  <_><Type>Pca</Type>
    <PatchSize>6</PatchSize>
    <NumFilters>6</NumFilters>
    <Filter type_id="opencv-matrix">
      <rows>6</rows>
      <cols>36</cols>
      <dt>f</dt>
      <data>
        1.66819170e-001 1.66967928e-001 1.66863739e-001 1.66444749e-001
        1.65693924e-001 1.64647445e-001 1.67306900e-001 1.67498171e-001
        1.67416051e-001 1.66996226e-001 1.66221693e-001 1.65131375e-001
        1.67556390e-001 1.67770103e-001 1.67699635e-001 1.67279288e-001
        1.66492000e-001 1.65378481e-001 1.67548418e-001 1.67761564e-001
        1.67689905e-001 1.67268395e-001 1.66479871e-001 1.65366068e-001
        1.67285502e-001 1.67474657e-001 1.67389393e-001 1.66965723e-001
        1.66187704e-001 1.65095642e-001 1.66796029e-001 1.66941121e-001
        1.66830719e-001 1.66404486e-001 1.65646762e-001 1.64595991e-001
        -2.11293235e-001 -1.54617205e-001 -5.71872033e-002
        5.76161183e-002 1.56778514e-001 2.15363666e-001 -2.27603838e-001
        -1.67472854e-001 -6.18569627e-002 6.30394444e-002
        1.70223057e-001 2.31956750e-001 -2.36683503e-001
        -1.74627781e-001 -6.45809099e-002 6.56970963e-002
        1.77103579e-001 2.40425408e-001 -2.37153903e-001
        -1.74929261e-001 -6.48098886e-002 6.53887391e-002
        1.76583201e-001 2.39669472e-001 -2.28959948e-001
        -1.68287322e-001 -6.24053590e-002 6.22711591e-002
        1.68861151e-001 2.29912356e-001 -2.13213742e-001
        -1.55593991e-001 -5.76563925e-002 5.68699539e-002
        1.55106306e-001 2.12553844e-001 -2.11971819e-001
        -2.35787421e-001 -2.48737365e-001 -2.48789310e-001
        -2.35933185e-001 -2.12240949e-001 -1.44682258e-001
        -1.62825704e-001 -1.72708720e-001 -1.72941417e-001
        -1.63571790e-001 -1.46105409e-001 -5.13250865e-002
        -5.83129264e-002 -6.20073453e-002 -6.19991980e-002
        -5.85113838e-002 -5.21952137e-002 5.14842793e-002
        5.79889454e-002 6.19408488e-002 6.25391975e-002 5.93956448e-002
        5.27568534e-002 1.43615931e-001 1.61579937e-001 1.72079369e-001
        1.73307061e-001 1.64723098e-001 1.47354633e-001 2.09433749e-001
        2.33557940e-001 2.47650236e-001 2.49238193e-001 2.37777069e-001
        2.14801878e-001 -2.24996373e-001 -2.52149943e-002
        1.35771811e-001 1.41696602e-001 -1.22757973e-002
        -2.14015841e-001 -2.11958632e-001 1.45151364e-002
        1.98011443e-001 2.02876493e-001 2.45466027e-002 -2.04799980e-001
        -2.00129017e-001 4.14562859e-002 2.36701638e-001 2.39890084e-001
        4.72232960e-002 -1.98030725e-001 -1.97148919e-001
        4.40251268e-002 2.37659946e-001 2.38721058e-001 4.45394814e-002
        -2.00790107e-001 -2.03549609e-001 2.18309835e-002
        2.00819165e-001 1.99750155e-001 1.72488689e-002 -2.12546483e-001
        -2.12708801e-001 -1.44941686e-002 1.40044883e-001
        1.37381360e-001 -2.27775220e-002 -2.25354776e-001
        -2.80978471e-001 -2.28403673e-001 -8.63900110e-002
        9.64647681e-002 2.45270640e-001 3.04875642e-001 -2.18913555e-001
        -1.83379561e-001 -7.66413361e-002 6.38242066e-002
        1.79024324e-001 2.24743605e-001 -8.67084265e-002
        -7.72501156e-002 -3.97740453e-002 1.28797311e-002
        5.85754365e-002 7.90385678e-002 7.93682858e-002 6.06344827e-002
        1.58032663e-002 -3.78333516e-002 -7.71385804e-002
        -8.80227834e-002 2.23296627e-001 1.81628376e-001 6.97042197e-002
        -7.12443665e-002 -1.81565359e-001 -2.20748961e-001
        3.01614583e-001 2.46730283e-001 1.02207839e-001 -8.05866569e-002
        -2.26393700e-001 -2.83127367e-001 1.60876483e-001
        2.19448134e-001 2.64035046e-001 2.58274078e-001 2.04221606e-001
        1.42046422e-001 -3.81066911e-002 -1.10915927e-002
        2.00672653e-002 1.51183559e-002 -2.42263619e-002
        -5.45051135e-002 -1.93297252e-001 -1.95748672e-001
        -1.77123785e-001 -1.79755062e-001 -2.03455076e-001
        -2.04363391e-001 -1.98899612e-001 -2.00763196e-001
        -1.78764433e-001 -1.76847324e-001 -1.97368830e-001
        -1.98030099e-001 -5.45629524e-002 -2.57603601e-002
        1.45876352e-002 2.20055375e-002 -8.48523900e-003
        -3.74951810e-002 1.36951670e-001 1.98329046e-001 2.55416989e-001
        2.66436815e-001 2.24887639e-001 1.65510982e-001</data></Filter></_>
  <_><Type>Gabor</Type>
    <Freq>3.2999999523162842e+000</Freq>
    <PatchSize>11</PatchSize>
    <NumFilters>6</NumFilters>
    <Filter type_id="opencv-matrix">
      <rows>6</rows>
      <cols>121</cols>
      <dt>f</dt>
      <data>
        2.64072627e-001 3.05509895e-001 2.37619728e-001 1.13611706e-001
        -6.10537035e-003 -8.09296891e-002 -1.00671060e-001
        -7.95736685e-002 -4.17799018e-002 -7.82139599e-003
        1.21124946e-002 4.84607816e-001 5.16062081e-001 3.72959107e-001
        1.41176954e-001 -7.59470388e-002 -2.05152780e-001
        -2.26641566e-001 -1.67695567e-001 -7.72799328e-002
        1.03544467e-003 4.47777882e-002 7.22445130e-001 7.17903137e-001
        4.72813219e-001 1.06786869e-001 -2.27098003e-001
        -4.13937777e-001 -4.19741303e-001 -2.89026856e-001
        -1.07370667e-001 4.51613665e-002 1.25300959e-001 8.82494688e-001
        8.20841432e-001 4.73046184e-001 -1.69006214e-002
        -4.52549964e-001 -6.77374959e-001 -6.40225887e-001
        -4.03151989e-001 -9.52165350e-002 1.56084090e-001
        2.78059632e-001 8.86922121e-001 7.67257333e-001 3.53903919e-001
        -2.03083634e-001 -6.85230911e-001 -9.07520473e-001
        -8.02974701e-001 -4.45646495e-001 -3.71659338e-003
        3.46826106e-001 4.99551862e-001 7.34110773e-001 5.79950154e-001
        1.65965825e-001 -3.72248322e-001 -8.24092090e-001 -1.
        -8.24092090e-001 -3.72248322e-001 1.65965825e-001
        5.79950154e-001 7.34110773e-001 4.99551862e-001 3.46826106e-001
        -3.71659338e-003 -4.45646495e-001 -8.02974701e-001
        -9.07520473e-001 -6.85230911e-001 -2.03083634e-001
        3.53903919e-001 7.67257333e-001 8.86922121e-001 2.78059632e-001
        1.56084090e-001 -9.52165350e-002 -4.03151989e-001
        -6.40225887e-001 -6.77374959e-001 -4.52549964e-001
        -1.69006214e-002 4.73046184e-001 8.20841432e-001 8.82494688e-001
        1.25300959e-001 4.51613665e-002 -1.07370667e-001
        -2.89026856e-001 -4.19741303e-001 -4.13937777e-001
        -2.27098003e-001 1.06786869e-001 4.72813219e-001 7.17903137e-001
        7.22445130e-001 4.47777882e-002 1.03544467e-003 -7.72799328e-002
        -1.67695567e-001 -2.26641566e-001 -2.05152780e-001
        -7.59470388e-002 1.41176954e-001 3.72959107e-001 5.16062081e-001
        4.84607816e-001 1.21124946e-002 -7.82139599e-003
        -4.17799018e-002 -7.95736685e-002 -1.00671060e-001
        -8.09296891e-002 -6.10537035e-003 1.13611706e-001
        2.37619728e-001 3.05509895e-001 2.64072627e-001 -1.62922777e-003
        -5.88674005e-003 -1.38329556e-002 -2.03958936e-002
        -7.68466899e-003 5.33175021e-002 1.78934261e-001 3.32307041e-001
        4.07857388e-001 2.88099319e-001 -4.56145741e-002
        -3.37886089e-003 -1.65678840e-002 -4.39085029e-002
        -7.68449828e-002 -7.87248909e-002 9.75421444e-003
        2.23645911e-001 5.06733835e-001 6.98873639e-001 6.33291960e-001
        2.85259992e-001 -2.85812217e-004 -3.05618402e-002
        -9.99405235e-002 -1.96443871e-001 -2.54283845e-001
        -1.69133648e-001 1.19724266e-001 5.33557355e-001 8.56660068e-001
        8.81333590e-001 5.80936015e-001 2.76438240e-002 -2.21677851e-002
        -1.56180426e-001 -3.59626830e-001 -5.27073681e-001
        -4.97887641e-001 -1.83298886e-001 3.16152930e-001
        7.42390096e-001 8.67097557e-001 6.65441632e-001 1.18096210e-001
        6.65740222e-002 -1.33152276e-001 -4.64007884e-001
        -7.74500430e-001 -8.47004175e-001 -5.70146501e-001
        -6.04326539e-002 4.07416970e-001 6.10273302e-001 5.26273072e-001
        2.98558623e-001 2.89293796e-001 5.88559471e-002 -3.73456299e-001
        -8.13047945e-001 -1. -8.13047945e-001 -3.73456299e-001
