<?xml version="1.0"?>
<opencv_storage>
<Stages>
  <_><Type>Conv</Type>
    <PatchSize>11</PatchSize>
    <NumFilters>5</NumFilters>
    <Filter type_id="opencv-matrix">
      <rows>5</rows>
      <cols>121</cols>
      <dt>f</dt>
      <data>
        -6.46948740e-002 7.32384473e-002 1.20032765e-001 4.81836684e-002
        -4.44621854e-002 1.06485732e-001 9.67172906e-002 1.02778841e-002
        1.61404628e-003 1.05133720e-001 -7.09979460e-002
        -1.10205002e-001 4.28984351e-002 1.23003218e-002
        -1.29411653e-001 -5.72294854e-002 -1.19602699e-002
        5.02485298e-002 -6.31787069e-003 -1.29700288e-001
        -1.39611796e-001 -1.66477680e-001 -1.20140119e-002
        -6.48126826e-002 8.39686319e-002 6.17849603e-002 4.13236581e-002
        1.05115145e-001 1.63504422e-001 7.17784315e-002 -9.74923279e-003
        -1.04024604e-001 -7.84840807e-002 -2.70372499e-002
        6.36997968e-002 9.74688530e-002 -3.61426324e-002 6.35181321e-003
        5.43401986e-002 -4.68320795e-004 -2.56976504e-002
        3.43762487e-002 -6.11981265e-002 -5.78736290e-002
        -1.20406099e-001 -4.38949168e-002 6.16352186e-002
        -5.96832894e-002 -1.41004091e-002 2.33909935e-002
        -6.45792633e-002 -7.04160035e-002 -9.13992375e-002
        -1.10641696e-001 -1.62768126e-001 -3.74220423e-002
        1.60286590e-001 2.03182265e-001 1.39214218e-001 1.47565389e-002
        5.65493107e-003 4.16264832e-002 1.11593410e-001 1.10234693e-001
        3.00755966e-002 -1.44033479e-002 -1.39310017e-001
        1.75671458e-001 8.98204967e-002 -4.59418334e-002
        -1.58457816e-001 -2.05841556e-001 -5.82127981e-002
        1.09145250e-002 9.00830980e-003 -5.47691733e-002
        -1.01574779e-001 1.01502433e-001 3.16073358e-001 2.24661529e-001
        3.24066356e-002 -8.17482844e-002 -4.37444672e-002
        6.69174716e-002 1.24680661e-001 7.55586848e-002 7.67932013e-002
        1.53442472e-002 2.32588761e-002 1.24938548e-001 9.44953486e-002
        9.22590401e-003 -1.95870921e-001 -7.44848326e-002
        -5.95683530e-002 1.29359104e-002 -1.20263519e-002
        1.03976615e-002 -9.96301025e-002 5.14683984e-002 8.21610764e-002
        9.45434421e-002 6.97017610e-002 -1.60882667e-001 2.39177383e-002
        8.17428678e-002 7.08179846e-002 6.05856115e-003 5.65741807e-002
        -7.36025050e-002 -5.34943528e-002 -4.06352319e-002
        5.51792346e-002 2.40086988e-002 -3.32223065e-002
        -4.16504815e-002 -2.37918124e-002 -2.30036750e-002
        7.62441149e-003 -9.96710435e-002 -1.05991185e-001
        1.81619182e-001 1.36197433e-001 -9.36778262e-002
        -1.68432280e-001 -8.44017342e-002 9.84027013e-002
        1.12959243e-001 5.71527667e-002 -5.91884889e-002
        -3.67064252e-002 7.70189613e-002 1.30984113e-001 7.32953325e-002
        2.40654014e-002 2.91403458e-002 -1.58819612e-002 1.58374241e-004
        3.18713970e-002 8.61789286e-002 1.27967805e-001 1.49999797e-001
        1.70021281e-001 3.29381749e-002 -7.58979172e-002
        -1.00091368e-001 -9.36670080e-002 -1.11911982e-001
        -8.86046812e-002 -7.36704692e-002 -2.72326153e-002
        -2.88660564e-002 -5.38754389e-002 2.45017223e-002
        6.83659241e-002 -1.95478443e-002 -2.11716816e-002
        -2.57699937e-002 -5.59693724e-002 3.07229999e-002
        -3.33341993e-002 1.11633446e-002 4.38993014e-002 2.52837092e-002
        9.00535956e-002 -7.05876276e-002 -1.57556146e-001
        -1.47012234e-001 -1.37135029e-001 -1.60411775e-001
        -6.28265664e-002 -5.70178516e-002 -1.71521921e-002
        -1.29251825e-002 -2.26012748e-002 -2.75181439e-002
        6.74879551e-002 -4.07046117e-002 -1.76144782e-002
        2.02995837e-002 -3.29422131e-002 2.52835434e-002
        -1.00093978e-002 8.60361233e-002 7.94065595e-002 5.28489649e-002
        6.75600767e-002 -2.28920113e-002 -1.13931566e-001
        -1.24888979e-001 -1.07777417e-001 -1.06119581e-001
        -1.13462336e-001 -1.39593616e-001 -8.97715166e-002
        -1.03269435e-001 -6.34475797e-002 -8.33046958e-002
        1.22031197e-001 7.42395371e-002 1.82777122e-002 4.92092110e-002
        6.40094280e-002 5.89643046e-002 4.82109003e-002 4.38113809e-002
        -1.38784517e-002 8.63195658e-002 4.85449024e-002 4.82139103e-002
        -2.09242944e-002 -1.51682213e-001 -1.63575634e-001
        -8.14004838e-002 -4.48738933e-002 5.18473610e-003
        1.30623588e-002 -7.15837181e-002 -2.00894102e-003
        -5.33521287e-002 2.27322489e-001 1.74956828e-001
        -1.08557101e-002 -6.47131801e-002 -5.10286912e-002
        -6.29419647e-003 2.58863140e-002 1.02912970e-001 7.89888203e-002
        1.60952762e-001 9.74635184e-002 2.51644015e-001 2.06762701e-001
        -1.91153064e-002 -5.63613698e-002 -1.45977899e-001
        -1.48194596e-001 -1.12446293e-001 3.47706862e-002
        2.54497211e-002 1.13626584e-001 5.57037927e-002 -2.37039346e-002
        1.01267271e-001 2.86949705e-002 2.70869657e-002 1.87160775e-001
        1.57415763e-001 1.82960734e-001 1.44308433e-001 6.97366297e-002
        -1.08164869e-001 -2.02946812e-002 -7.52934813e-002
        -7.90070668e-002 -1.54950127e-001 -6.24724606e-004
        -6.81056902e-002 -1.43047441e-002 -6.43612966e-002
        -3.65747279e-003 -7.50743747e-002 -1.22584887e-001
        -1.45244554e-001 -2.00952366e-001 -2.05836371e-001
        -1.75305828e-001 2.71135494e-002 6.88044354e-002 7.43702129e-002
        1.39533598e-002 1.44909635e-001 1.21578597e-001 -2.03626994e-002
        -1.26927271e-001 -7.44542703e-002 -3.58843282e-002
        -1.57717362e-001 2.13158429e-002 1.12004504e-001 7.89693743e-002
        -6.52321950e-002 1.16039567e-001 1.03606261e-001 2.95073725e-002
        -7.28282556e-002 -5.73964231e-002 1.02715805e-001
        -1.20221585e-001 -4.79188235e-003 4.96072434e-002
        3.64451297e-002 -3.15842777e-002 5.87877259e-002 5.13413660e-002
        -3.13001778e-003 -3.33299451e-002 9.09030437e-003
        2.00528562e-001 -1.16707027e-001 -7.69112855e-002
        7.00455718e-003 2.82421373e-002 5.77526875e-002 5.76480515e-002
        -3.53835407e-003 1.02818953e-002 -2.79157199e-002
        7.42406845e-002 2.78023392e-001 -6.71917647e-002
        -6.85030371e-002 1.19884377e-002 2.02758238e-002 3.34692039e-002
        -1.33926896e-002 -5.90972155e-002 -3.54947113e-002
        -2.97432598e-002 6.72822669e-002 1.92435533e-001
        -6.77406266e-002 -8.45663399e-002 -4.25026864e-002
        -2.31111869e-002 5.90774678e-002 7.55708888e-002
        -5.31493425e-002 -8.20915848e-002 -6.98447302e-002
        3.26256864e-002 1.08011365e-001 -4.34081368e-002
        -3.76300775e-002 -8.83965194e-002 -7.25901052e-002
        3.49681713e-002 3.62559073e-002 -1.26837000e-001
        -9.26917121e-002 -1.02004655e-001 -3.62619869e-002
        2.45749354e-002 -2.53047179e-002 3.23392041e-002
        -3.85259129e-002 -1.27658308e-001 1.16403447e-002
        8.36584792e-002 4.20062989e-002 -2.84309648e-002
        -7.70251453e-002 4.01605219e-002 -3.89770493e-002
        -1.02625385e-001 -1.98563915e-002 1.29227966e-001
        1.77699402e-001 1.51386708e-001 1.03509523e-001 5.81175759e-002
        -1.13185428e-001 -6.36299103e-002 -1.36090294e-001
        -1.01608977e-001 1.26794225e-003 3.45030241e-002 1.21275261e-001
        1.08237535e-001 1.39874086e-001 8.28821659e-002 1.83249428e-003
        -9.11608487e-002 -2.76453923e-002 4.75609377e-002
        -5.02029015e-003 -1.33708511e-002 5.96458018e-002
        9.40310806e-002 9.49298888e-002 3.61123644e-002 -5.80187328e-002
        -1.27592102e-001 -1.25496641e-001 1.51060484e-002
        -7.92165399e-002 -6.75050989e-002 -9.91083607e-002
        -4.58432250e-002 -3.72901447e-002 -2.06975490e-002
        -3.78318578e-002 -9.73349363e-002 -1.68311790e-001
        -1.73102155e-001 -9.80295166e-002 -3.46820056e-002
        1.31703224e-002 7.78557872e-003 1.56821031e-002 6.39759675e-002
        5.64611740e-002 3.34657542e-002 -2.10077036e-002
        -9.43745375e-002 -9.48130339e-002 -2.43741143e-002
