<?xml version="1.0"?>
<opencv_storage>
<Stages>
  <_><Type>Conv</Type>
    <PatchSize>11</PatchSize>
    <NumFilters>5</NumFilters>
    <Filter type_id="opencv-matrix">
      <rows>5</rows>
      <cols>121</cols>
      <dt>f</dt>
      <data>
        1.13837078e-001 -1.61317170e-001 7.14736879e-002 1.40856272e-002
        1.15759075e-001 -1.29595399e-001 8.33894592e-003 1.06079176e-001
        -1.18023090e-001 -1.41512141e-001 -8.53128955e-002
        -1.30523518e-001 -9.84252766e-002 3.73914652e-003
        3.69294249e-002 -5.43212853e-002 -1.78641099e-002
        3.23313288e-002 1.58701167e-001 -1.42381296e-001 5.79776466e-002
        1.43556427e-002 4.23103049e-002 9.03318822e-003 7.85698295e-002
        -1.19575136e-003 -1.63685322e-001 -1.09147586e-001
        -1.53473735e-001 -2.70350166e-002 7.01436549e-002
        2.36153603e-002 -6.75893426e-002 2.28139181e-002 2.92103831e-002
        -1.28251582e-001 2.19998416e-002 -1.00411981e-001
        1.29079178e-001 -2.60662306e-002 5.89725636e-002
        -2.15127738e-003 3.38810533e-002 5.05328923e-002
        -1.11420117e-001 8.73472542e-002 -1.08273616e-002
        -1.25376150e-001 -1.46912470e-001 9.25955325e-002
        8.00090134e-002 1.24268636e-001 9.11172181e-002 -8.21774006e-002
        -1.74659520e-001 -1.95902865e-002 -8.65211040e-002
        1.58421800e-001 3.39509286e-002 -2.50605959e-002 2.97766570e-002
        -6.16396107e-002 9.42672938e-002 -7.67858103e-002
        -1.54826432e-001 -4.49403413e-002 1.45578668e-001
        4.08910625e-002 1.52728781e-002 -1.10418446e-001
        -1.50200412e-001 -1.44755870e-001 1.13802537e-001
        2.98752170e-002 9.86707583e-002 1.07122205e-001 -2.48849355e-002
        1.10098630e-001 7.42954388e-003 -5.79939876e-003 7.39046410e-002
        -4.17547598e-002 -6.75613880e-002 -9.48186368e-002
        1.31363407e-001 -1.62342593e-001 -6.20183274e-002
        -4.63152640e-002 1.45074248e-001 5.14501594e-002 3.04452814e-002
        -6.75293878e-002 1.47655323e-001 -1.65338203e-001
        7.84883052e-002 3.38784978e-002 -1.48542196e-001 1.57045007e-001
        6.01869300e-002 1.64012656e-001 1.05275638e-001 4.40241508e-002
        -5.10167629e-002 -2.70950678e-003 -8.56368095e-002
        -1.13452241e-001 1.33469608e-002 5.93037438e-003 4.26182486e-002
        -1.46696428e-002 1.77701991e-002 6.95999339e-002 5.55491336e-002
        -4.53130268e-002 -9.40668955e-002 -1.34443477e-001
        -2.62876786e-002 4.55052443e-002 -7.58273080e-002
        -9.21477191e-003 -6.19662553e-003 6.18670136e-002
        7.09276944e-002 8.19853917e-002 9.42442864e-002 1.07081689e-001
        1.19635373e-001 1.31083474e-001 1.40764549e-001 1.48618728e-001
        1.54830486e-001 1.59959391e-001 6.01426773e-002 6.81646019e-002
        7.82827139e-002 8.96452516e-002 1.01671763e-001 1.13386676e-001
        1.24018498e-001 1.32941023e-001 1.40087053e-001 1.45568550e-001
        1.49928644e-001 5.69755249e-002 6.40764311e-002 7.34418109e-002
        8.41721892e-002 9.55785736e-002 1.06645636e-001 1.16569504e-001
        1.24876671e-001 1.31449044e-001 1.36318132e-001 1.40132740e-001
        5.10333404e-002 5.74768744e-002 6.64129257e-002 7.68188685e-002
        8.79018083e-002 9.85428467e-002 1.07991695e-001 1.15904331e-001
        1.22087486e-001 1.26607180e-001 1.30118266e-001 4.22700904e-002
        4.84304689e-002 5.72503582e-002 6.75549284e-002 7.85145983e-002
        8.90343487e-002 9.82740298e-002 1.05982572e-001 1.11892715e-001
        1.16099373e-001 1.19269513e-001 3.25073525e-002 3.87819894e-002
        4.78068702e-002 5.83855510e-002 6.95901737e-002 8.02873969e-002
        8.95367712e-002 9.70340222e-002 1.02643773e-001 1.06439903e-001
        1.09137073e-001 2.48172004e-002 3.13929431e-002 4.07349169e-002
        5.15927337e-002 6.30226657e-002 7.38816783e-002 8.32008049e-002
        9.05257389e-002 9.57606062e-002 9.91217121e-002 1.01280808e-001
        2.08769459e-002 2.78556682e-002 3.76204439e-002 4.88292575e-002
        6.04419596e-002 7.13900402e-002 8.05759877e-002 8.75632837e-002
        9.23963264e-002 9.52863470e-002 9.68665928e-002 2.08415091e-002
        2.84367837e-002 3.86563465e-002 5.02855368e-002 6.21755980e-002
        7.31581971e-002 8.21320340e-002 8.87009799e-002 9.29658785e-002
        9.51286852e-002 9.58944336e-002 2.40019951e-002 3.22741270e-002
        4.31090705e-002 5.52501306e-002 6.75441623e-002 7.86525756e-002
        8.74334350e-002 9.36013684e-002 9.73291472e-002 9.87189040e-002
        9.86164138e-002 3.11466139e-002 4.00061943e-002 5.14432751e-002
        6.41329437e-002 7.67837539e-002 8.79509449e-002 9.65454578e-002
        1.02402382e-001 1.05627216e-001 1.06296070e-001 1.05329394e-001
        6.18681088e-002 7.09272027e-002 8.19851905e-002 9.42435190e-002
        1.07082166e-001 1.19635224e-001 1.31083846e-001 1.40763938e-001
        1.48618788e-001 1.54830530e-001 1.59960121e-001 6.01424836e-002
        6.81650043e-002 7.82825723e-002 8.96448344e-002 1.01671726e-001
        1.13386363e-001 1.24019213e-001 1.32939994e-001 1.40087545e-001
        1.45568937e-001 1.49928600e-001 5.69747277e-002 6.40759245e-002
        7.34416321e-002 8.41719210e-002 9.55792740e-002 1.06645927e-001
        1.16568856e-001 1.24877445e-001 1.31448269e-001 1.36317641e-001
        1.40132546e-001 5.10327853e-002 5.74763082e-002 6.64118826e-002
        7.68194944e-002 8.79015550e-002 9.85423848e-002 1.07991733e-001
        1.15904942e-001 1.22086935e-001 1.26608193e-001 1.30118236e-001
        4.22703810e-002 4.84299287e-002 5.72507977e-002 6.75553754e-002
        7.85149857e-002 8.90340135e-002 9.82731506e-002 1.05983034e-001
        1.11893639e-001 1.16098411e-001 1.19269677e-001 3.25068273e-002
        3.87821645e-002 4.78074998e-002 5.83863519e-002 6.95894733e-002
        8.02871808e-002 8.95370618e-002 9.70333740e-002 1.02644280e-001
        1.06440037e-001 1.09137774e-001 2.48176139e-002 3.13934982e-002
        4.07341979e-002 5.15926853e-002 6.30232096e-002 7.38812238e-002
        8.32015648e-002 9.05265883e-002 9.57603976e-002 9.91206467e-002
        1.01280764e-001 2.08772030e-002 2.78561469e-002 3.76197919e-002
        4.88293320e-002 6.04416840e-002 7.13901371e-002 8.05755556e-002
        8.75634030e-002 9.23959687e-002 9.52871814e-002 9.68667269e-002
        2.08421927e-002 2.84361839e-002 3.86574417e-002 5.02848998e-002
        6.21763989e-002 7.31579736e-002 8.21318030e-002 8.87008682e-002
        9.29658860e-002 9.51292142e-002 9.58948806e-002 2.40024496e-002
        3.22747044e-002 4.31091562e-002 5.52500710e-002 6.75437227e-002
        7.86527246e-002 8.74330029e-002 9.36012715e-002 9.73283574e-002
        9.87192318e-002 9.86169651e-002 3.11467350e-002 4.00055386e-002
        5.14437333e-002 6.41324967e-002 7.67835975e-002 8.79503414e-002
        9.65455025e-002 1.02402136e-001 1.05627544e-001 1.06296323e-001
        1.05328590e-001 -5.08049168e-002 -9.25367847e-002
        7.39427889e-003 7.20551983e-002 1.91092491e-002 -8.31897408e-002
        -1.64015427e-001 -1.06642254e-001 8.12557265e-002
        -2.73501761e-002 9.52216461e-002 6.04673810e-002
        -1.51837289e-001 -2.83107664e-002 -3.02195386e-003
        -3.00981961e-002 1.25093400e-001 -1.02217659e-001
        -7.63009787e-002 9.36969966e-002 1.38691217e-001
        -4.84034270e-002 -9.32465643e-002 1.28727168e-001
        -8.93904641e-002 -1.51582390e-001 3.71910073e-002
        -1.33575097e-001 3.60504761e-002 9.66777056e-002
        -9.44796130e-002 -7.36291334e-002 6.68715909e-002
        -9.22712237e-002 -1.06465869e-001 6.96637034e-002
        -9.52609181e-002 -8.21769759e-002 9.48357061e-002
        -8.21042433e-002 1.45992652e-001 -6.34743795e-002
        -1.10916726e-001 5.95076419e-002 4.10649665e-002
        -3.36187296e-002 -1.32670611e-001 -6.83789179e-002
        6.95982203e-002 -1.63910359e-001 7.76890665e-002 8.74409378e-002
        -3.01225670e-002 1.37112379e-001 5.46838110e-003
        -9.44353566e-002 -1.22826345e-001 7.70089924e-002
