<?xml version="1.0"?>
<opencv_storage>
<Type>"Rand"</Type>
<NumStages>2</NumStages>
<PatchSize>11</PatchSize>
<BlockOverLapRatio>0.</BlockOverLapRatio>
<Stages>
  <_><NumFilters>8</NumFilters>
    <HistBlockSize>28</HistBlockSize>
    <Filter type_id="opencv-matrix">
      <rows>8</rows>
      <cols>121</cols>
      <dt>f</dt>
      <data>
        4.79425550e-001 5.64642489e-001 6.44217670e-001 7.17356086e-001
        7.83326924e-001 8.41470957e-001 8.91207397e-001 9.32039082e-001
        9.63558197e-001 9.85449731e-001 9.97494996e-001 9.99573588e-001
        9.91664827e-001 9.73847628e-001 9.46300089e-001 9.09297407e-001
        8.63209426e-001 8.08496356e-001 7.45705247e-001 6.75463140e-001
        5.98472118e-001 5.15501261e-001 4.27379847e-001 3.34988207e-001
        2.39249229e-001 1.41120002e-001 4.15805206e-002 -5.83741926e-002
        -1.57745644e-001 -2.55541205e-001 -3.50783229e-001
        -4.42520559e-001 -5.29836178e-001 -6.11857831e-001
        -6.87766254e-001 -7.56802499e-001 -8.18277061e-001
        -8.71575892e-001 -9.16166008e-001 -9.51602101e-001
        -9.77530122e-001 -9.93690968e-001 -9.99923289e-001
        -9.96164620e-001 -9.82452571e-001 -9.58924294e-001
        -9.25814748e-001 -8.83454502e-001 -8.32267344e-001
        -7.72764444e-001 -7.05540299e-001 -6.31266713e-001
        -5.50685287e-001 -4.64602023e-001 -3.73876572e-001
        -2.79415488e-001 -1.82162598e-001 -8.30891207e-002
        1.68140903e-002 1.16549298e-001 2.15119988e-001 3.11541259e-001
        4.04850185e-001 4.94113505e-001 5.78439832e-001 6.56986594e-001
        7.28968978e-001 7.93668032e-001 8.50436747e-001 8.98708165e-001
        9.37999964e-001 9.67919648e-001 9.88168299e-001 9.98543382e-001
        9.98941362e-001 9.89358246e-001 9.69889700e-001 9.40730631e-001
        9.02171731e-001 8.54598582e-001 7.98487127e-001 7.34396815e-001
        6.62969351e-001 5.84917009e-001 5.01020372e-001 4.12118495e-001
        3.19097996e-001 2.22890094e-001 1.24454238e-001 2.47748531e-002
        -7.51511231e-002 -1.74327150e-001 -2.71760434e-001
        -3.66479307e-001 -4.57536399e-001 -5.44021130e-001
        -6.25070930e-001 -6.99874580e-001 -7.67685950e-001
        -8.27826798e-001 -8.79695773e-001 -9.22775567e-001
        -9.56634939e-001 -9.80936289e-001 -9.95436311e-001
        -9.99990225e-001 -9.94552553e-001 -9.79177773e-001
        -9.54019189e-001 -9.19328272e-001 -8.75452161e-001
        -8.22828352e-001 -7.61983693e-001 -6.93524957e-001
        -6.18136644e-001 -5.36572933e-001 -4.49647129e-001
        -3.58229458e-001 -2.63231605e-001 -1.65603608e-001
        -6.63218945e-002 4.79425550e-001 6.44217670e-001 7.83326924e-001
        8.91207397e-001 9.63558197e-001 9.97494996e-001 9.91664827e-001
        9.46300089e-001 8.63209426e-001 7.45705247e-001 5.98472118e-001
        4.27379847e-001 2.39249229e-001 4.15805206e-002 -1.57745644e-001
        -3.50783229e-001 -5.29836178e-001 -6.87766254e-001
        -8.18277061e-001 -9.16166008e-001 -9.77530122e-001
        -9.99923289e-001 -9.82452571e-001 -9.25814748e-001
        -8.32267344e-001 -7.05540299e-001 -5.50685287e-001
        -3.73876572e-001 -1.82162598e-001 1.68140903e-002
        2.15119988e-001 4.04850185e-001 5.78439832e-001 7.28968978e-001
        8.50436747e-001 9.37999964e-001 9.88168299e-001 9.98941362e-001
        9.69889700e-001 9.02171731e-001 7.98487127e-001 6.62969351e-001
        5.01020372e-001 3.19097996e-001 1.24454238e-001 -7.51511231e-002
        -2.71760434e-001 -4.57536399e-001 -6.25070930e-001
        -7.67685950e-001 -8.79695773e-001 -9.56634939e-001
        -9.95436311e-001 -9.94552553e-001 -9.54019189e-001
        -8.75452161e-001 -7.61983693e-001 -6.18136644e-001
        -4.49647129e-001 -2.63231605e-001 -6.63218945e-002
        1.33231848e-001 3.27474982e-001 5.08661807e-001 6.69569910e-001
        8.03784430e-001 9.05954659e-001 9.72007632e-001 9.99309421e-001
        9.86771941e-001 9.34895039e-001 8.45746934e-001 7.22880960e-001
        5.71196556e-001 3.96740407e-001 2.06467479e-001 7.96337426e-003
        -1.90859139e-001 -3.82071763e-001 -5.58053195e-001
        -7.11785316e-001 -8.37142169e-001 -9.29123878e-001
        -9.84065056e-001 -9.99774396e-001 -9.75625992e-001
        -9.12582159e-001 -8.13157320e-001 -6.81313515e-001
        -5.22307634e-001 -3.42480630e-001 -1.48998275e-001
        5.04223071e-002 2.47834578e-001 4.35366392e-001 6.05539858e-001
        7.51573920e-001 8.67643893e-001 9.49124694e-001 9.92766559e-001
        9.96829808e-001 9.61152494e-001 8.87157679e-001 7.77793944e-001
        6.37421727e-001 4.71639007e-001 2.87051916e-001 9.10227969e-002
        -1.08636975e-001 -3.03965688e-001 -4.87174511e-001
        -6.50962889e-001 -7.88798034e-001 -8.95187557e-001
        -9.65888441e-001 -9.98082042e-001 -9.90485430e-001
        -9.43401635e-001 -8.58706832e-001 -7.39777803e-001
        -5.91357529e-001 4.79425550e-001 7.17356086e-001 8.91207397e-001
        9.85449731e-001 9.91664827e-001 9.09297407e-001 7.45705068e-001
        5.15501261e-001 2.39249229e-001 -5.83741926e-002
        -3.50783229e-001 -6.11858070e-001 -8.18277359e-001
        -9.51602101e-001 -9.99923289e-001 -9.58924294e-001
        -8.32267344e-001 -6.31266356e-001 -3.73876572e-001
        -8.30891207e-002 2.15119988e-001 4.94113505e-001 7.28969276e-001
        8.98708165e-001 9.88168299e-001 9.89358246e-001 9.02171731e-001
        7.34396815e-001 5.01020372e-001 2.22889170e-001 -7.51511231e-002
        -3.66479307e-001 -6.25070930e-001 -8.27826798e-001
        -9.56635237e-001 -9.99990225e-001 -9.54019189e-001
        -8.22828352e-001 -6.18136644e-001 -3.58228564e-001
        -6.63218945e-002 2.31510013e-001 5.08661807e-001 7.40376294e-001
        9.05955076e-001 9.90607500e-001 9.86771941e-001 8.94791007e-001
        7.22880960e-001 4.86398011e-001 2.06466556e-001 -9.19070393e-002
        -3.82071763e-001 -6.38107836e-001 -8.37142169e-001
        -9.61397469e-001 -9.99774396e-001 -9.48844373e-001
        -8.13156247e-001 -6.04832232e-001 -3.42480630e-001
        -4.95344996e-002 2.47834578e-001 5.23067057e-001 7.51573920e-001
        9.12945271e-001 9.92766559e-001 9.83906627e-001 8.87156844e-001
        7.11160660e-001 4.71639007e-001 1.89985558e-001 -1.08636975e-001
        -3.97557080e-001 -6.50962889e-001 -8.46220434e-001
        -9.65888441e-001 -9.99275982e-001 -9.43400979e-001
        -8.03255260e-001 -5.91357529e-001 -3.26634049e-001
        -3.27349976e-002 2.64090002e-001 5.37322819e-001 7.62559712e-001
        9.19678092e-001 9.94644821e-001 9.80762959e-001 8.79272699e-001
        6.99238658e-001 4.56744969e-001 1.73451781e-001 -1.25337139e-001
        -4.12928253e-001 -6.63635314e-001 -8.55060399e-001
        -9.70105827e-001 -9.98494923e-001 -9.37691450e-001
        -7.93126106e-001 -5.77714086e-001 -3.10696930e-001
        -1.59243364e-002 2.80268908e-001 5.51426709e-001 7.73329854e-001
        9.26150858e-001 9.96242046e-001 9.77342367e-001 8.71140003e-001
        6.87118948e-001 4.41721767e-001 1.56867087e-001 -1.41999975e-001
        -4.28182662e-001 -6.76120102e-001 -8.63658547e-001
        -9.74049389e-001 -9.97431695e-001 -9.31716859e-001
        4.79425550e-001 7.83326924e-001 9.63558197e-001 9.91664827e-001
        8.63209426e-001 5.98472118e-001 2.39249229e-001 -1.57745644e-001
        -5.29836178e-001 -8.18277061e-001 -9.77530122e-001
        -9.82452571e-001 -8.32267344e-001 -5.50685287e-001
        -1.82162598e-001 2.15119988e-001 5.78439832e-001 8.50436747e-001
        9.88168299e-001 9.69889700e-001 7.98487127e-001 5.01020372e-001
        1.24454238e-001 -2.71760434e-001 -6.25070930e-001
        -8.79695773e-001 -9.95436311e-001 -9.54019189e-001
        -7.61983693e-001 -4.49647129e-001 -6.63218945e-002
        3.27474982e-001 6.69569910e-001 9.05954659e-001 9.99309421e-001
        9.34895039e-001 7.22880960e-001 3.96740407e-001 7.96337426e-003
        -3.82071763e-001 -7.11785316e-001 -9.29123878e-001
