<?xml version="1.0"?>
<opencv_storage>
<Type>Wave</Type>
<NumStages>2</NumStages>
<PatchSize>9</PatchSize>
<BlockOverLapRatio>0.</BlockOverLapRatio>
<Stages>
  <_><NumFilters>6</NumFilters>
    <HistBlockSize>28</HistBlockSize>
    <Filter type_id="opencv-matrix">
      <rows>6</rows>
      <cols>81</cols>
      <dt>f</dt>
      <data>
        -3.78714859e-001 -7.82335877e-001 -9.86843884e-001
        -9.40189242e-001 -6.54245973e-001 -2.01790199e-001
        3.02023768e-001 7.28968978e-001 9.70383883e-001 9.64825332e-001
        7.13708043e-001 2.80944020e-001 -2.23322421e-001
        -6.70751750e-001 -9.47467208e-001 -9.83041644e-001
        -7.68420994e-001 -3.58229458e-001 1.43136099e-001
        6.08071923e-001 9.18246627e-001 9.94717360e-001 8.18021774e-001
        4.33130443e-001 -6.19974062e-002 -5.41346252e-001
        -8.82916391e-001 -9.99774456e-001 -8.62179637e-001
        -5.05150378e-001 -1.95547510e-002 4.71017808e-001
        8.41711044e-001 9.98179376e-001 9.00599897e-001 5.73807657e-001
        1.00976795e-001 -3.97555321e-001 -7.94905186e-001
        -9.89942729e-001 -9.33028758e-001 -6.38648510e-001
        -1.81725085e-001 3.21449429e-001 7.42810190e-001 9.75119233e-001
        9.59249496e-001 6.99240029e-001 2.61266112e-001 -2.43202940e-001
        -6.85774148e-001 -9.53808129e-001 -9.79087234e-001
        -7.55178928e-001 -3.39068770e-001 1.63338229e-001
        6.24173820e-001 9.26149428e-001 9.92410898e-001 8.06093097e-001
        4.14613575e-001 -8.23867097e-002 -5.58421969e-001
        -8.92329812e-001 -9.99131262e-001 -8.51642668e-001
        -4.87403125e-001 8.88919749e-004 4.88951385e-001 8.52573156e-001
        9.99203742e-001 8.91525924e-001 5.56946278e-001 8.06147903e-002
        -4.16230738e-001 -8.07141662e-001 -9.92627978e-001
        -9.25478876e-001 -6.22783840e-001 -1.61585897e-001
        3.40740740e-001 -7.82335877e-001 -9.99971032e-001
        -7.72764444e-001 -2.01790199e-001 4.58951682e-001
        9.15526450e-001 9.64825332e-001 5.84917009e-001 -5.51944710e-002
        -6.70751750e-001 -9.87922728e-001 -8.65611434e-001
        -3.58229458e-001 3.08513105e-001 8.38012099e-001 9.94717360e-001
        7.08918214e-001 1.07753269e-001 -5.41346252e-001
        -9.49625194e-001 -9.35459375e-001 -5.05150378e-001
        1.49877205e-001 7.38231182e-001 9.98179376e-001 8.14082563e-001
        2.67838895e-001 -3.97555321e-001 -8.86095107e-001
        -9.80451047e-001 -6.38648510e-001 -1.27400449e-002
        6.18835926e-001 9.75119233e-001 8.97617459e-001 4.20806080e-001
        -2.43202940e-001 -7.99021959e-001 -9.99392092e-001
        -7.55178928e-001 -1.75020680e-001 4.82996404e-001
        9.26149428e-001 9.57301974e-001 5.62593997e-001 -8.23867097e-002
        -6.90717280e-001 -9.91778851e-001 -8.51642668e-001
        -3.32649082e-001 3.34325135e-001 8.52573156e-001 9.91549790e-001
        6.89430594e-001 8.06147903e-002 -5.64059734e-001
        -9.57813323e-001 -9.25478876e-001 -4.81440604e-001
        1.76768914e-001 7.56341934e-001 9.99452472e-001 7.97951639e-001
        2.41478100e-001 -4.22418177e-001 -8.98399651e-001
        -9.74723577e-001 -6.17436886e-001 1.45158125e-002
        6.40014112e-001 9.80798960e-001 8.85270536e-001 3.95925164e-001
        -2.69549519e-001 -8.15113723e-001 -9.98070598e-001
        -7.37030804e-001 -1.48119211e-001 5.06683946e-001
        9.36086237e-001 9.49065924e-001 -9.86843884e-001
        -7.72764444e-001 -3.31792161e-002 7.28968978e-001
        9.95393753e-001 5.84917009e-001 -2.23322421e-001
        -8.79695773e-001 -9.37845826e-001 -3.58229458e-001
        4.64995533e-001 9.72007632e-001 8.18021774e-001 1.07753269e-001
        -6.75791144e-001 -9.99774456e-001 -6.43878281e-001
        1.49877205e-001 8.41711044e-001 9.61152494e-001 4.26977336e-001
        -3.97555321e-001 -9.51738477e-001 -8.58706832e-001
        -1.81725085e-001 6.18835926e-001 9.98567164e-001 6.99240029e-001
        -7.55943134e-002 -7.99021959e-001 -9.79087234e-001
        -4.93341327e-001 3.27894002e-001 9.26149428e-001 8.94592464e-001
        2.54683077e-001 -5.58421969e-001 -9.91778851e-001
        -7.50694931e-001 8.88919749e-004 7.51865745e-001 9.91549790e-001
        5.56946278e-001 -2.56401896e-001 -8.95385563e-001
        -9.25478876e-001 -3.26213926e-001 4.94885325e-001
        9.79447782e-001 7.97951639e-001 7.38233477e-002 -7.00509906e-001
        -9.98470604e-001 -6.17436886e-001 1.83473036e-001
        8.59615564e-001 9.51191306e-001 3.95925164e-001 -4.28586006e-001
        -9.61641729e-001 -8.40750813e-001 -1.48119211e-001
        6.45236075e-001 9.99810636e-001 6.74479663e-001 -1.09518692e-001
        -8.19043040e-001 -9.71588612e-001 -4.63420033e-001
        3.59887868e-001 9.38462019e-001 8.78848970e-001 2.21590996e-001
        -5.86355805e-001 -9.95562196e-001 -7.27749825e-001
        3.49560231e-002 7.73890674e-001 9.86555338e-001 5.28331399e-001
        -2.89181799e-001 -9.40189242e-001 -2.01790199e-001
        7.28968978e-001 9.64825332e-001 2.80944020e-001 -6.70751750e-001
        -9.83041644e-001 -3.58229458e-001 6.08071923e-001
        9.94717360e-001 4.33130443e-001 -5.41346252e-001
        -9.99774456e-001 -5.05150378e-001 4.71017808e-001
        9.98179376e-001 5.73807657e-001 -3.97555321e-001
        -9.89942729e-001 -6.38648510e-001 3.21449429e-001
        9.75119233e-001 6.99240029e-001 -2.43202940e-001
        -9.53808129e-001 -7.55178928e-001 1.63338229e-001
        9.26149428e-001 8.06093097e-001 -8.23867097e-002
        -8.92329812e-001 -8.51642668e-001 8.88919749e-004
        8.52573156e-001 8.91525924e-001 8.06147903e-002 -8.07141662e-001
        -9.25478876e-001 -1.61585897e-001 7.56341934e-001
        9.53272521e-001 2.41478100e-001 -7.00509906e-001
        -9.74723577e-001 -3.19767237e-001 6.40014112e-001
        9.89689946e-001 3.95925164e-001 -5.75262785e-001
        -9.98070598e-001 -4.69448775e-001 5.06683946e-001
        9.99810636e-001 5.39852202e-001 -4.34730470e-001
        -9.94898081e-001 -6.06660306e-001 3.59887868e-001
        9.83366132e-001 6.69434905e-001 -2.82650739e-001
        -9.65290427e-001 -7.27749825e-001 2.03529283e-001
        9.40794170e-001 7.81227887e-001 -1.23053536e-001
        -9.10035849e-001 -8.29507649e-001 4.17666025e-002
        8.73222053e-001 8.72264028e-001 3.98058183e-002 -8.30602050e-001
        -9.09220576e-001 -1.21113375e-001 7.82451451e-001
        9.40127134e-001 2.01607555e-001 -7.29094326e-001
        -9.64776039e-001 -6.54245973e-001 4.58951682e-001
        9.95393753e-001 2.80944020e-001 -7.86562264e-001
        -8.65611434e-001 1.43136099e-001 9.72007632e-001 5.79376161e-001
        -5.41346252e-001 -9.81769323e-001 -1.88422933e-001
        8.41711044e-001 8.14082563e-001 -2.36586377e-001
        -9.89942729e-001 -4.99256641e-001 6.18835926e-001
        9.59249496e-001 9.41937268e-002 -8.89233530e-001
        -7.55178928e-001 3.27894002e-001 9.98908639e-001 4.14613575e-001
        -6.90717280e-001 -9.28037703e-001 8.88919749e-004
        9.28698480e-001 6.89430594e-001 -4.16230738e-001
        -9.98824179e-001 -3.26213926e-001 7.56341934e-001
        8.88419747e-001 -9.59635153e-002 -9.59749818e-001
        -6.17436886e-001 5.00796258e-001 9.89689946e-001 2.34858632e-001
        -8.15113723e-001 -8.40750813e-001 1.90168634e-001
        9.82105374e-001 5.39852202e-001 -5.80824316e-001
        -9.71588612e-001 -1.41375393e-001 8.66500258e-001
        7.85464346e-001 -2.82650739e-001 -9.95562196e-001
        -4.57373112e-001 6.55589819e-001 9.44683015e-001 4.66150492e-002
        -9.10035849e-001 -7.23058522e-001 3.72568339e-001
        9.99999523e-001 3.70746493e-001 -7.24412739e-001
        -9.09220576e-001 4.85752411e-002 9.45324838e-001 6.54106677e-001
        -4.59117353e-001 -9.95376348e-001 -2.80767798e-001
        7.86677361e-001 8.65520895e-001 -1.43317834e-001
        -9.72051203e-001 -5.79228818e-001 5.41499794e-001
        9.81733859e-001 1.88237920e-001 -8.41809630e-001
