<?xml version="1.0"?>
<opencv_storage>
<Type>Wave</Type>
<NumStages>2</NumStages>
<PatchSize>11</PatchSize>
<BlockOverLapRatio>0.</BlockOverLapRatio>
<Stages>
  <_><NumFilters>4</NumFilters>
    <HistBlockSize>28</HistBlockSize>
    <Filter type_id="opencv-matrix">
      <rows>4</rows>
      <cols>121</cols>
      <dt>f</dt>
      <data>
        -6.80472493e-001 -9.81550276e-001 -9.05766606e-001
        -4.82218713e-001 1.26474917e-001 6.86609089e-001 9.83123004e-001
        9.02171731e-001 4.74836826e-001 -1.34809792e-001
        -6.92696869e-001 -9.84626353e-001 -8.98513317e-001
        -4.67420548e-001 1.43136099e-001 6.98735654e-001 9.86060023e-001
        8.94791424e-001 4.59972054e-001 -1.51451349e-001
        -7.04725742e-001 -9.87423956e-001 -8.91005814e-001
        -4.52491075e-001 1.59756824e-001 7.10665345e-001 9.88718152e-001
        8.87157679e-001 4.44978088e-001 -1.68050066e-001
        -7.16554701e-001 -9.89942729e-001 -8.83246839e-001
        -4.37433660e-001 1.76331431e-001 7.22393453e-001 9.91097033e-001
        8.79273593e-001 4.29856598e-001 -1.84600338e-001
        -7.28181124e-001 -9.92181361e-001 -8.75238180e-001
        -4.22250897e-001 1.92856207e-001 7.33917296e-001 9.93195474e-001
        8.71140003e-001 4.14617062e-001 -2.01098427e-001
        -7.39602923e-001 -9.94139671e-001 -8.66982102e-001
        -4.06950444e-001 2.09328309e-001 7.45233715e-001 9.95013118e-001
        8.62761021e-001 3.99255067e-001 -2.17539668e-001
        -7.50814378e-001 -9.95816708e-001 -8.58480930e-001
        -3.91534954e-001 2.25739375e-001 7.56341934e-001 9.96549487e-001
        8.54138136e-001 3.83783668e-001 -2.33919412e-001
        -7.61813521e-001 -9.97212231e-001 -8.49735022e-001
        -3.76008779e-001 2.42086619e-001 7.67233789e-001 9.97804165e-001
        8.45273793e-001 3.68203789e-001 -2.50236720e-001
        -7.72597313e-001 -9.98325825e-001 -8.40750813e-001
        -3.60376298e-001 2.58365422e-001 7.77908742e-001 9.98776913e-001
        8.36170495e-001 3.52519810e-001 -2.66479552e-001
        -7.83162713e-001 -9.99157190e-001 -8.31529021e-001
        -3.44638377e-001 2.74571180e-001 7.88363755e-001 9.99466896e-001
        8.26828659e-001 3.36736172e-001 -2.82643408e-001
        -7.93509066e-001 -9.99706089e-001 -8.22069883e-001
        -3.28806579e-001 2.90699333e-001 7.98598230e-001 9.99874592e-001
        8.17257404e-001 3.20853710e-001 -2.98734695e-001
        -8.03626359e-001 -9.99972403e-001 -8.12382758e-001
        -3.12885433e-001 3.06748927e-001 8.08602333e-001 9.99999523e-001
        8.07450652e-001 3.04887801e-001 -3.14741462e-001
        -8.13521087e-001 -9.81550276e-001 -7.97527492e-001
        -8.30895901e-002 6.86609089e-001 9.99661565e-001 6.47865236e-001
        -1.34809792e-001 -8.27826262e-001 -9.70276535e-001
        -4.67420548e-001 3.46304953e-001 9.29711461e-001 8.94791424e-001
        2.64768332e-001 -5.41344643e-001 -9.87423956e-001
        -7.76792765e-001 -4.95364033e-002 7.10665345e-001
        9.98221636e-001 6.21886075e-001 -1.68050066e-001
        -8.46220434e-001 -9.61591065e-001 -4.37433660e-001
        3.77650261e-001 9.41568613e-001 8.79273593e-001 2.32196093e-001
        -5.69309115e-001 -9.92181361e-001 -7.55178928e-001
        -1.59262437e-002 7.33917296e-001 9.95653033e-001 5.95205247e-001
        -2.01098427e-001 -8.63656640e-001 -9.51818764e-001
        -4.06950444e-001 4.08570290e-001 9.52361286e-001 8.62761021e-001
        1.99360326e-001 -5.96629858e-001 -9.95816708e-001
        -7.32711196e-001 1.77019257e-002 7.56341934e-001 9.91958141e-001
        5.67848206e-001 -2.33919412e-001 -8.80116343e-001
        -9.40970242e-001 -3.76008779e-001 4.39026564e-001
        9.62076485e-001 8.45273793e-001 1.66301012e-001 -6.23274386e-001
        -9.98325825e-001 -7.09416151e-001 5.13081700e-002
        7.77908742e-001 9.87141967e-001 5.39852202e-001 -2.66479552e-001
        -8.95582497e-001 -9.29056287e-001 -3.44638377e-001
        4.68989789e-001 9.70703840e-001 8.26828659e-001 1.33053645e-001
        -6.49217010e-001 -9.99706089e-001 -6.85316145e-001
        8.48563984e-002 7.98598230e-001 9.81209576e-001 5.11242449e-001
        -2.98734695e-001 -9.10035849e-001 -9.16093171e-001
        -3.12885433e-001 4.98419285e-001 9.78233576e-001 8.07450652e-001
        9.96558368e-002 -6.74422622e-001 -9.99956012e-001
        -6.60444021e-001 1.18308686e-001 8.18382323e-001 9.74167764e-001
        4.82057840e-001 -3.30652028e-001 -9.23458457e-001
        -9.02094185e-001 -2.80767798e-001 5.27285218e-001
        9.84658539e-001 7.87159622e-001 6.61377236e-002 -6.98865652e-001
        -9.99075174e-001 -6.34825051e-001 1.51627183e-001
        8.37241054e-001 9.66024399e-001 4.52328146e-001 -3.62195492e-001
        -9.35836911e-001 -8.87075126e-001 -2.48339951e-001
        5.55554926e-001 9.89968538e-001 7.65978575e-001 3.25524285e-002
        -7.22518384e-001 -9.97064173e-001 -9.05766606e-001
        -8.30895901e-002 8.23080897e-001 9.02171731e-001 7.47088641e-002
        -8.27826262e-001 -8.98513317e-001 -6.63218945e-002
        8.32513094e-001 8.94791424e-001 5.79311959e-002 -8.37141156e-001
        -8.91005814e-001 -4.95364033e-002 8.41711044e-001
        8.87157679e-001 4.11381088e-002 -8.46220434e-001
        -8.83246839e-001 -3.27369049e-002 8.50669980e-001
        8.79273593e-001 2.43314803e-002 -8.55059385e-001
        -8.75238180e-001 -1.59262437e-002 8.59389365e-001
        8.71140003e-001 7.51988171e-003 -8.63656640e-001
        -8.66982102e-001 8.88919749e-004 8.67864788e-001 8.62761021e-001
        -9.29384399e-003 -8.72009754e-001 -8.58480930e-001
        1.77019257e-002 8.76094878e-001 8.54138136e-001 -2.61049420e-002
        -8.80116343e-001 -8.49735022e-001 3.45099270e-002
        8.84077311e-001 8.45273793e-001 -4.29086611e-002
        -8.87975812e-001 -8.40750813e-001 5.13081700e-002
        8.91809821e-001 8.36170495e-001 -5.97040541e-002
        -8.95582497e-001 -8.31529021e-001 6.80919141e-002
        8.99290204e-001 8.26828659e-001 -7.64749572e-002
        -9.02936041e-001 -8.22069883e-001 8.48563984e-002
        9.06517982e-001 8.17257404e-001 -9.32318494e-002
        -9.10035849e-001 -8.12382758e-001 1.01600699e-001
        9.13486242e-001 8.07450652e-001 -1.09954782e-001
        -9.16875243e-001 -8.02461505e-001 1.18308686e-001
        9.20199394e-001 7.97420204e-001 -1.26654223e-001
        -9.23458457e-001 -7.92317927e-001 1.34990796e-001
        9.26649392e-001 7.87159622e-001 -1.43317834e-001
        -9.29777682e-001 -7.81945705e-001 1.51627183e-001
        9.32840288e-001 7.76676476e-001 -1.59933373e-001
        -9.35836911e-001 -7.71357179e-001 1.68228254e-001
        9.38767314e-001 7.65978575e-001 -1.76511243e-001
        -9.41628814e-001 -7.60545790e-001 1.84781745e-001
        9.44426358e-001 7.55059183e-001 -1.93031698e-001
        -9.47157145e-001 -7.49519229e-001 2.01275498e-001
        9.49820936e-001 7.43931353e-001 -2.09505066e-001
        -9.52417552e-001 -7.38285840e-001 2.17719823e-001
        9.54944611e-001 7.32588112e-001 -2.25919187e-001
        -9.57406402e-001 -7.26838648e-001 2.34095156e-001
        9.59800541e-001 7.21042991e-001 -2.42269397e-001
        -9.62124765e-001 -7.15191126e-001 -4.82218713e-001
        6.86609089e-001 9.02171731e-001 -1.34809792e-001
        -9.84626353e-001 -4.67420548e-001 6.98735654e-001
        8.94791424e-001 -1.51451349e-001 -9.87423956e-001
        -4.52491075e-001 7.10665345e-001 8.87157679e-001
        -1.68050066e-001 -9.89942729e-001 -4.37433660e-001
        7.22393453e-001 8.79273593e-001 -1.84600338e-001
        -9.92181361e-001 -4.22250897e-001 7.33917296e-001
        8.71140003e-001 -2.01098427e-001 -9.94139671e-001
        -4.06950444e-001 7.45233715e-001 8.62761021e-001
        -2.17539668e-001 -9.95816708e-001 -3.91534954e-001
        7.56341934e-001 8.54138136e-001 -2.33919412e-001
        -9.97212231e-001 -3.76008779e-001 7.67233789e-001
        8.45273793e-001 -2.50236720e-001 -9.98325825e-001
